***************   Unsorted List  **********************
    0 -> 133 143 302 146 78 446 242 210 26 277 403 158 468 250 84 25 108 215 236 241 120 238 375 180 453 362 464 114 391 16 436 413 313 425 
    1 -> 9 448 51 108 119 147 81 386 484 116 485 349 335 78 187 163 450 129 400 442 352 486 241 333 437 247 185 59 214 281 125 171 453 0 4 206 496 24 495 422 209 91 477 245 263 366 270 332 118 70 385 
    2 -> 258 415 114 190 383 205 199 19 411 108 241 484 118 116 341 392 299 60 90 483 40 414 435 270 172 450 166 106 423 267 49 393 213 303 288 290 
    3 -> 188 409 495 61 73 155 287 271 427 445 373 103 364 344 485 265 141 295 355 473 458 293 2 140 11 48 12 318 220 284 456 462 40 183 238 314 324 442 149 172 239 447 161 136 97 121 371 
    4 -> 14 416 125 273 34 390 282 197 281 381 283 456 298 463 418 60 183 152 17 190 270 406 215 348 440 302 224 331 471 220 139 411 241 321 91 157 207 71 372 132 130 484 161 42 375 126 383 45 361 107 428 431 
    5 -> 206 129 420 180 300 453 25 343 158 185 438 121 491 386 292 446 213 346 231 61 322 363 315 388 400 57 406 78 251 267 375 314 445 499 232 211 113 
    6 -> 52 483 20 221 480 123 491 94 30 74 98 245 163 428 139 420 349 171 412 448 177 329 247 241 28 332 101 203 366 161 223 111 324 142 202 3 389 244 477 291 284 255 325 327 445 
    7 -> 404 60 325 56 146 288 43 299 447 39 407 307 364 139 47 197 331 212 226 46 355 287 171 138 67 125 405 492 282 136 267 
    8 -> 233 11 326 356 465 208 29 402 299 320 271 381 329 48 135 162 377 426 52 412 142 31 337 172 197 343 149 264 482 369 187 279 468 1 117 456 23 428 483 44 332 25 408 336 175 216 373 167 291 53 286 346 480 138 
    9 -> 440 82 396 70 457 467 319 353 332 45 146 231 97 250 454 10 336 492 239 466 196 7 74 264 455 263 184 421 123 36 191 198 161 345 276 302 238 451 463 286 378 67 98 15 162 240 222 304 83 493 134 385 
    10 -> 338 93 143 152 110 408 128 44 176 251 324 150 238 315 196 404 132 43 447 475 62 256 2 55 331 262 466 492 303 317 23 374 144 472 365 418 139 207 227 177 311 133 92 195 288 22 340 361 147 6 258 
    11 -> 235 246 171 261 104 394 197 107 60 349 81 50 415 328 318 461 378 112 360 296 122 147 70 489 178 460 83 315 79 486 161 25 230 351 131 20 450 92 165 455 467 192 299 271 204 273 80 263 413 353 127 
    12 -> 56 274 432 342 352 369 380 266 209 213 68 124 425 129 284 399 233 255 395 345 194 28 196 181 340 43 296 192 151 257 481 302 155 63 74 223 426 91 203 10 384 71 
    13 -> 330 466 331 369 227 143 50 121 193 95 400 180 183 388 382 132 381 435 364 462 316 383 134 164 2 365 55 367 210 431 0 54 358 482 499 464 298 104 271 114 127 242 22 221 163 306 244 457 
    14 -> 206 41 144 292 171 469 59 313 235 15 192 159 37 400 156 143 393 238 266 123 289 311 119 200 351 367 58 251 474 227 131 203 32 155 89 226 194 402 
    15 -> 424 465 271 296 267 317 310 446 241 421 49 201 107 8 96 293 427 346 233 150 440 475 468 191 31 214 302 144 349 151 162 351 204 142 69 
    16 -> 202 92 194 97 138 150 60 235 450 352 366 442 184 497 351 241 494 261 114 135 354 129 83 6 427 44 173 323 205 196 487 346 275 397 116 50 343 399 174 362 361 203 259 248 488 408 72 222 
    17 -> 327 408 108 18 266 470 258 71 240 492 418 380 93 300 148 260 433 356 342 490 256 131 231 474 243 467 195 358 118 6 308 220 422 45 445 493 413 160 310 484 262 46 411 297 223 166 75 406 192 370 441 
    18 -> 475 415 279 97 171 16 404 449 486 100 9 335 49 107 69 370 191 328 260 455 291 84 13 229 68 393 373 380 352 175 126 89 237 344 265 20 163 173 271 187 499 287 135 420 76 472 152 
    19 -> 96 303 66 252 11 235 125 75 463 198 376 469 400 253 111 92 163 412 112 425 93 437 372 475 265 267 156 453 95 408 108 175 485 318 222 460 361 298 1 81 238 271 123 373 381 398 263 286 165 197 
    20 -> 80 403 474 377 323 378 252 300 413 156 445 328 431 64 262 437 226 165 229 302 89 214 314 270 420 297 198 234 144 409 428 35 47 398 355 18 491 443 301 402 288 
    21 -> 57 208 371 437 187 97 211 317 239 379 288 306 390 178 146 101 463 167 380 490 34 409 402 430 395 274 296 14 473 325 83 174 368 110 5 20 447 124 15 431 434 168 247 320 222 496 393 428 
    22 -> 211 43 135 110 434 250 484 305 233 64 4 298 437 218 85 79 63 5 450 222 169 422 252 248 451 27 410 297 46 491 344 17 0 161 403 18 97 175 100 238 343 278 423 25 19 281 405 
    23 -> 432 408 270 475 361 36 331 68 220 491 108 228 41 49 28 372 77 29 379 456 222 258 286 260 150 363 96 12 70 458 185 44 87 135 461 400 102 64 160 315 490 139 35 45 285 238 86 136 340 442 465 482 422 388 141 350 412 334 367 493 156 
    24 -> 340 420 400 164 138 278 58 54 189 383 196 89 8 432 99 316 419 215 298 93 234 218 104 61 173 376 379 471 222 386 385 368 320 369 289 417 71 154 11 144 3 
    25 -> 481 400 146 21 247 446 382 312 214 317 374 152 472 54 428 435 60 4 87 179 44 163 461 318 434 36 218 300 147 213 10 24 388 338 393 229 206 183 17 143 466 265 192 201 
    26 -> 170 143 223 128 324 254 258 317 60 13 163 65 365 329 265 43 229 243 331 475 407 39 399 279 391 123 160 6 54 377 404 269 288 361 175 168 276 314 451 319 122 357 472 
    27 -> 471 126 36 108 479 172 19 328 481 79 85 281 14 349 441 138 234 450 87 418 240 403 175 470 308 395 487 362 248 153 191 262 167 348 107 494 427 165 20 83 377 266 
    28 -> 317 109 435 43 463 424 80 179 413 221 477 151 336 117 103 175 59 480 327 370 272 39 89 58 34 342 388 338 468 297 35 258 131 70 448 190 362 375 25 45 135 261 
    29 -> 342 454 180 33 27 300 404 387 174 359 146 30 415 424 144 324 425 71 349 285 357 65 221 6 249 406 423 42 252 347 78 168 109 49 41 295 284 
    30 -> 331 474 309 157 351 65 206 41 260 196 257 230 33 495 220 85 115 382 477 393 473 251 79 73 368 418 88 354 167 249 19 226 429 150 416 117 100 304 499 321 165 318 34 261 35 95 225 
    31 -> 303 485 445 214 219 490 39 268 295 233 12 269 223 473 378 18 428 442 417 469 351 0 190 26 228 434 14 312 35 75 300 33 183 238 65 387 361 155 276 60 104 106 432 389 267 311 444 257 446 204 
    32 -> 159 24 208 75 318 448 334 149 18 52 105 411 51 67 396 203 139 100 76 306 254 0 476 135 390 478 344 386 126 497 399 224 264 68 74 289 119 109 287 371 268 368 184 380 176 302 453 295 489 
    33 -> 28 103 122 100 79 387 227 402 118 246 139 305 301 87 81 468 97 199 58 418 420 30 471 178 486 51 55 179 4 131 80 258 357 356 177 419 480 446 136 8 92 458 37 170 124 278 190 
    34 -> 137 109 144 180 71 89 197 447 113 259 219 254 239 164 205 481 178 427 488 351 472 46 298 91 340 122 262 235 148 97 359 430 116 302 256 247 453 368 100 49 80 396 1 255 347 58 
    35 -> 397 44 7 213 276 113 487 156 387 494 248 180 49 94 89 354 480 467 71 465 433 415 182 34 404 176 221 4 254 416 332 490 41 99 56 373 360 359 
    36 -> 75 351 248 314 476 16 278 99 186 387 421 406 306 447 298 13 367 58 481 193 69 457 143 243 321 113 96 102 94 346 455 27 494 492 357 45 31 360 403 274 358 470 354 
    37 -> 496 39 384 472 364 148 98 182 19 367 243 27 119 348 227 485 283 68 324 271 456 295 36 116 180 162 458 248 478 336 483 59 139 152 101 69 442 260 201 371 459 207 445 
    38 -> 171 466 69 331 398 459 393 371 451 256 251 229 119 456 67 203 6 13 262 401 322 15 92 283 72 467 468 165 361 46 98 360 308 356 90 300 42 217 207 37 268 397 206 405 355 287 75 344 
    39 -> 104 288 424 207 491 2 376 386 147 51 100 348 345 488 224 322 263 6 310 18 164 318 10 146 410 89 193 78 172 13 400 95 135 30 133 453 426 265 309 341 31 481 80 347 388 114 418 62 
    40 -> 269 294 257 37 49 87 160 391 140 320 167 187 63 393 20 199 235 455 43 420 175 388 122 139 191 410 396 489 327 65 69 265 75 290 170 404 13 245 126 21 331 176 276 338 107 349 499 313 302 27 53 271 68 10 
    41 -> 441 439 428 431 251 135 243 170 438 417 295 149 110 7 148 46 419 17 257 162 222 216 248 12 185 159 464 226 183 52 180 496 136 373 494 294 389 133 188 433 23 343 342 317 115 370 449 53 70 26 394 
    42 -> 404 9 378 199 419 54 123 57 55 74 348 210 408 51 489 68 100 383 456 443 392 449 277 358 260 224 315 286 141 478 98 202 403 417 201 330 47 485 376 34 410 109 121 300 4 169 170 257 394 
    43 -> 142 404 57 416 312 488 184 301 440 336 418 187 181 42 433 133 296 45 126 165 385 155 428 256 168 178 238 167 255 262 135 342 396 345 447 125 267 414 386 23 19 240 63 464 70 316 102 472 429 283 139 78 260 394 423 59 367 30 
    44 -> 199 46 369 192 135 312 51 50 182 92 100 115 105 265 311 117 155 310 25 260 116 405 306 359 409 221 484 167 194 37 88 483 300 386 53 326 54 178 234 191 407 494 371 278 325 301 276 150 238 
    45 -> 201 484 444 198 380 157 248 255 496 220 399 129 256 291 294 441 123 324 377 353 124 81 17 60 152 1 185 0 299 139 109 160 330 434 301 249 482 375 313 156 470 27 102 283 347 145 257 31 223 143 232 329 
    46 -> 74 441 410 306 140 95 396 235 8 182 278 244 123 124 220 494 172 395 156 233 384 417 204 493 75 4 73 311 174 364 17 495 141 196 455 45 315 324 5 435 298 147 224 469 86 125 307 488 299 122 242 281 99 54 248 32 23 456 
    47 -> 339 252 30 285 279 392 154 49 231 288 453 22 402 87 317 210 361 116 273 71 422 306 51 6 322 48 423 24 97 425 103 494 274 76 66 491 359 321 255 175 428 108 241 
    48 -> 104 54 254 282 398 83 418 243 76 367 41 133 479 456 352 309 78 224 471 142 257 246 412 404 194 355 357 258 5 322 19 103 226 385 462 372 281 406 154 42 101 
    49 -> 457 77 35 486 270 188 95 46 33 241 68 349 373 189 64 494 42 167 148 446 492 174 248 8 428 389 275 116 137 43 103 414 276 6 
    50 -> 227 419 405 159 432 246 393 460 490 139 41 196 400 447 79 264 337 130 12 16 83 334 173 238 240 439 18 27 480 366 265 333 481 406 492 410 484 317 285 278 107 407 166 224 
    51 -> 427 196 492 485 214 56 467 489 67 45 441 462 279 430 66 409 298 210 89 110 44 37 184 212 226 473 223 178 314 160 339 261 136 167 445 338 43 272 299 431 229 422 476 199 373 74 151 383 194 
    52 -> 291 0 140 177 496 349 299 266 65 360 76 243 245 211 54 9 67 160 287 433 440 73 179 19 302 339 387 493 12 171 181 35 194 29 20 
    53 -> 317 390 221 499 462 451 113 251 454 23 244 300 152 15 481 492 9 209 190 282 333 344 354 421 19 161 185 112 242 25 
    54 -> 300 155 113 466 243 217 483 198 288 310 124 137 83 356 138 473 168 419 330 125 8 66 60 267 280 115 82 29 39 302 354 422 119 167 450 313 397 95 471 214 68 165 
    55 -> 367 206 260 452 357 34 77 123 181 132 73 200 461 328 406 78 13 460 355 494 377 300 398 293 248 327 32 127 436 44 422 86 325 207 361 462 326 439 274 335 150 464 332 106 87 96 110 288 214 211 308 
    56 -> 414 442 39 148 121 344 434 43 31 13 212 167 298 202 40 453 379 204 44 303 326 404 122 385 205 60 63 9 16 223 17 224 410 192 
    57 -> 231 376 94 244 339 284 71 487 197 414 107 462 421 137 478 83 25 136 498 191 119 69 145 75 13 152 46 387 171 29 428 188 198 17 260 23 316 68 369 454 
    58 -> 417 328 472 219 316 169 165 180 311 380 320 39 291 12 418 186 492 479 119 17 262 300 392 7 253 357 173 421 263 131 72 315 432 120 416 445 51 455 18 405 151 3 127 431 364 493 264 184 154 469 153 
    59 -> 235 24 63 488 153 398 481 443 498 6 343 86 311 263 322 436 141 112 111 41 435 447 403 238 183 302 9 88 29 28 72 172 247 456 303 255 233 395 
    60 -> 270 460 199 293 394 458 373 483 428 401 369 302 498 163 100 53 176 116 35 411 283 124 135 120 140 65 180 475 400 205 229 375 132 281 98 258 301 461 397 337 67 435 158 376 405 213 
    61 -> 251 445 164 314 477 25 203 238 315 391 43 76 55 22 344 296 69 458 222 179 34 380 306 303 38 384 90 428 176 54 325 32 396 286 233 340 402 337 331 252 479 
    62 -> 499 333 348 346 272 48 31 278 390 244 166 398 241 125 443 9 480 326 323 102 77 235 202 366 123 439 356 96 463 440 424 492 378 79 426 399 67 182 192 383 36 57 52 453 204 452 382 
    63 -> 204 482 425 193 266 471 498 16 278 328 281 135 200 490 120 123 468 307 280 24 326 267 211 424 238 205 216 188 437 85 176 157 336 295 151 76 191 11 125 457 385 346 254 492 232 253 101 474 116 
    64 -> 392 319 242 124 412 470 92 45 261 365 320 225 175 152 492 269 208 220 30 270 91 116 235 441 10 462 19 33 313 374 472 95 179 306 13 420 12 432 26 181 377 165 79 257 311 241 423 
    65 -> 133 476 245 192 409 498 137 407 495 337 99 94 226 125 444 494 311 40 482 187 420 462 237 50 353 218 91 320 131 472 54 2 47 23 88 186 227 392 148 421 
    66 -> 178 260 176 214 181 223 335 315 419 332 115 264 46 444 289 265 485 179 120 54 344 495 470 442 325 449 151 301 64 142 58 366 297 209 359 206 204 145 95 164 314 114 85 246 99 286 296 73 415 270 303 404 31 278 35 194 
    67 -> 246 446 464 219 192 118 54 134 158 398 257 300 449 9 455 151 29 407 245 136 296 199 425 15 106 325 312 100 262 183 423 440 4 125 156 19 353 79 109 496 447 
    68 -> 100 232 248 145 120 246 234 147 238 207 274 182 88 136 488 98 430 172 331 374 28 254 137 141 115 91 119 20 412 403 17 276 337 400 190 368 9 201 59 389 414 247 305 104 41 124 420 370 127 0 
    69 -> 105 28 67 356 403 263 2 302 265 485 197 410 407 34 444 213 326 236 404 227 216 102 445 129 167 467 385 159 355 201 292 328 308 
    70 -> 113 465 478 270 122 188 228 223 323 495 386 58 356 470 41 207 328 132 350 135 175 428 369 183 21 376 1 482 348 24 111 253 71 280 177 372 490 198 437 438 141 308 442 144 0 10 90 13 402 392 497 364 306 131 225 74 92 95 
    71 -> 179 317 105 193 194 248 251 175 141 335 217 154 413 144 186 479 269 449 485 243 119 58 132 359 443 146 278 163 255 246 18 366 40 346 107 280 221 114 181 198 15 314 5 136 290 205 
    72 -> 204 47 483 241 171 290 375 245 498 84 314 359 392 400 390 182 352 232 299 278 95 254 99 411 401 44 139 321 468 19 133 446 209 60 319 126 48 287 240 395 24 495 166 233 
    73 -> 153 144 64 444 324 377 367 305 439 212 137 38 290 30 101 443 452 49 197 346 40 194 493 190 243 242 164 302 248 335 202 301 394 174 210 206 121 343 81 156 168 58 15 123 390 310 465 
    74 -> 126 430 473 247 264 252 5 347 80 232 327 426 437 154 352 491 387 26 136 375 153 233 131 66 12 339 364 108 484 419 445 204 427 407 386 446 166 490 478 133 54 278 428 372 391 3 486 90 165 95 489 
    75 -> 247 101 240 3 10 18 436 46 133 420 454 453 493 366 104 305 497 385 438 55 227 37 138 326 64 475 42 376 52 313 11 474 387 81 482 364 488 311 163 
    76 -> 195 164 73 375 439 456 450 304 260 48 283 467 455 493 370 340 25 213 408 234 392 326 478 279 40 457 440 56 17 423 468 442 131 19 390 101 436 51 353 402 29 385 227 475 492 394 497 114 477 217 62 
    77 -> 26 494 284 382 218 146 100 369 263 459 105 290 473 435 243 195 169 250 276 184 134 33 375 227 283 454 304 412 2 84 270 199 86 445 277 222 57 174 166 267 339 397 
    78 -> 262 210 23 348 450 276 17 2 14 168 82 77 105 457 385 132 212 206 138 118 60 240 229 29 129 391 434 307 216 470 281 86 128 309 495 136 481 57 188 257 482 59 345 93 72 449 203 104 207 
    79 -> 454 161 440 185 427 389 139 34 352 300 47 45 432 407 258 284 334 144 466 36 202 159 183 475 172 405 199 250 10 131 68 180 138 351 142 205 289 482 277 257 214 39 92 433 330 2 314 110 216 403 481 302 490 309 425 
    80 -> 254 492 339 486 272 437 302 112 189 110 130 366 381 13 283 403 126 67 222 372 33 215 390 1 289 337 444 336 52 343 397 121 237 128 97 409 296 341 78 
    81 -> 361 126 160 398 63 426 120 107 403 377 298 192 464 4 249 6 253 451 324 255 367 478 44 1 382 185 343 130 347 498 486 124 345 415 67 50 449 460 408 309 278 117 296 461 344 
    82 -> 157 398 433 402 244 171 74 150 77 397 454 203 48 489 416 277 430 440 13 424 308 391 336 281 136 188 357 100 64 468 408 275 460 72 7 145 331 2 236 412 444 332 146 264 443 185 201 44 
    83 -> 92 284 476 270 484 241 405 256 277 91 292 416 145 303 213 224 239 466 42 133 48 10 492 286 225 425 290 186 369 411 262 365 465 460 281 51 461 174 287 265 338 99 430 380 450 65 178 0 13 196 285 386 54 322 315 300 43 94 
    84 -> 309 125 64 29 224 203 456 116 9 106 367 149 0 279 56 267 169 411 257 280 269 238 161 365 8 85 242 479 157 370 253 476 110 192 38 129 109 175 289 102 376 159 100 304 478 51 425 244 435 18 399 
    85 -> 139 461 152 420 131 199 33 172 38 463 230 55 426 352 453 147 256 332 364 399 42 248 376 437 320 254 414 423 421 205 305 82 43 106 416 15 470 59 191 56 245 274 336 28 65 308 119 484 45 277 219 
    86 -> 423 190 142 256 17 155 57 324 104 5 23 78 345 411 159 379 280 473 124 239 367 3 202 247 240 93 402 322 122 164 444 365 360 409 495 154 244 386 374 314 63 278 375 88 203 246 279 403 
    87 -> 113 455 152 393 121 237 67 486 473 226 21 317 12 212 408 34 476 291 83 495 245 421 35 307 240 416 9 211 55 27 258 5 457 448 309 139 74 227 62 402 378 406 482 435 300 95 205 159 273 289 472 29 119 282 
    88 -> 75 237 356 258 350 15 121 200 184 44 491 420 288 240 382 238 402 0 398 142 297 175 233 466 454 17 39 393 427 205 435 343 74 359 108 146 451 150 425 408 421 102 385 226 163 360 198 
    89 -> 240 107 153 443 392 11 283 5 350 164 409 0 323 117 267 435 281 98 437 246 181 324 402 199 111 404 248 231 185 4 145 221 354 476 60 114 133 338 184 178 227 487 274 216 271 403 475 
    90 -> 219 396 38 73 238 420 263 320 47 282 228 424 367 480 104 337 33 470 135 236 455 427 305 83 177 324 462 404 390 361 204 94 255 286 278 9 31 405 452 112 357 6 226 298 187 
    91 -> 489 193 271 455 134 430 432 45 252 370 129 28 158 87 32 124 472 231 332 416 490 462 116 493 122 426 186 300 30 216 106 382 179 434 58 454 346 35 203 496 
    92 -> 72 397 455 365 300 82 402 140 110 477 436 370 238 74 354 349 172 260 1 404 421 468 327 50 341 149 124 91 41 274 313 186 94 22 476 197 391 230 359 344 374 130 87 470 
    93 -> 213 496 5 387 238 499 266 356 467 260 140 123 108 122 106 458 447 23 442 21 212 374 150 445 350 115 25 88 345 3 144 404 455 359 71 357 417 494 237 100 34 391 283 235 57 449 385 352 151 35 243 355 473 154 17 316 303 269 26 341 263 76 401 89 
    94 -> 299 347 448 472 466 166 303 139 304 158 107 420 239 323 122 433 175 143 406 268 490 465 38 382 272 108 127 353 154 69 103 110 481 198 111 482 242 275 335 283 246 368 29 
    95 -> 193 340 50 121 392 217 456 255 441 328 56 329 318 73 92 322 8 169 215 484 115 166 149 446 145 292 288 275 51 230 3 83 229 447 55 420 485 
    96 -> 356 130 7 251 313 147 123 189 443 494 290 439 45 166 85 140 9 134 364 148 407 273 403 15 79 320 417 414 110 160 482 177 233 411 161 285 261 446 195 409 278 
    97 -> 369 152 137 288 53 475 238 254 424 139 360 124 49 80 252 6 98 385 332 165 292 71 441 341 318 388 473 289 61 215 17 148 353 272 231 127 269 
    98 -> 50 312 295 287 114 321 490 388 41 259 200 342 485 281 120 253 109 206 180 445 405 336 254 422 261 204 276 232 408 263 85 66 25 189 222 245 187 451 
    99 -> 113 174 250 467 415 161 11 437 65 39 327 225 185 352 444 121 426 427 275 388 454 439 154 95 36 299 311 146 105 309 59 200 477 397 
    100 -> 432 181 23 384 109 323 156 291 336 263 347 203 29 466 473 221 483 162 446 170 324 142 157 66 420 228 144 247 13 20 222 230 426 430 65 254 485 49 497 11 327 361 1 239 252 
    101 -> 121 394 270 80 1 305 123 194 57 210 150 404 494 145 445 308 95 126 185 225 187 34 171 380 281 48 392 
    102 -> 99 97 178 492 440 120 418 153 180 127 198 413 182 114 368 448 190 470 125 77 309 337 58 235 480 288 341 204 115 152 275 14 112 78 220 434 19 103 350 28 36 95 330 445 324 351 141 314 326 322 
    103 -> 68 302 489 86 142 452 89 77 39 145 237 309 166 127 243 466 481 284 252 219 464 305 390 459 426 17 350 345 244 388 424 381 374 186 10 182 
    104 -> 210 217 83 216 237 398 15 485 103 59 413 414 392 232 124 249 44 272 360 495 63 412 374 361 424 137 207 7 250 199 112 206 264 380 236 16 
    105 -> 382 439 206 426 347 296 228 79 256 226 125 57 0 465 193 51 389 259 478 191 387 238 183 91 434 481 109 215 452 361 466 464 15 147 460 152 173 56 
    106 -> 0 246 369 283 432 65 203 55 30 319 461 389 236 285 397 91 334 329 103 368 263 116 451 71 2 390 98 220 97 394 452 284 231 313 194 420 309 40 104 158 242 437 457 382 304 407 493 60 299 45 80 193 444 39 
    107 -> 60 142 227 138 100 317 189 391 362 31 245 45 249 447 175 42 135 307 341 392 179 300 473 91 357 39 435 390 444 457 347 443 63 49 170 182 408 421 328 426 181 165 415 121 323 396 168 
    108 -> 279 159 128 201 450 41 103 394 368 2 53 305 311 324 468 464 112 173 246 286 408 433 11 427 83 33 67 407 197 145 46 397 120 195 347 255 181 476 116 356 358 242 
    109 -> 250 379 298 215 426 69 442 407 49 110 381 66 271 185 396 238 86 194 197 497 287 101 343 149 432 235 116 68 473 184 232 150 121 239 363 427 209 267 152 33 173 224 498 482 372 305 255 318 391 29 369 395 178 147 130 335 425 183 488 273 
    110 -> 136 498 297 383 294 466 278 472 420 114 412 61 40 406 493 178 464 290 34 186 133 282 211 64 130 149 372 471 252 364 485 302 56 301 293 24 426 200 175 489 315 338 97 
    111 -> 215 36 190 55 20 196 61 303 451 308 25 132 174 385 180 381 397 324 325 42 213 146 13 461 29 454 177 285 72 140 28 447 35 448 288 26 
    112 -> 279 357 54 216 31 131 247 499 10 8 253 276 109 142 441 282 66 485 412 174 11 63 206 147 14 417 195 383 78 185 409 236 120 59 436 27 400 240 45 7 62 470 359 37 106 15 118 472 121 39 263 
    113 -> 202 180 353 437 218 242 305 355 181 268 147 477 257 141 417 129 82 391 396 377 140 149 310 339 55 20 312 138 51 289 262 207 381 252 249 189 265 357 366 28 78 436 269 
    114 -> 212 87 387 455 186 134 438 345 230 302 249 487 389 191 153 95 41 394 67 29 106 372 494 272 213 293 429 381 474 347 366 221 204 240 223 245 54 461 392 464 476 17 416 404 351 147 
    115 -> 24 175 383 432 28 251 368 490 69 133 160 21 65 481 424 381 470 451 112 204 111 80 261 94 203 367 7 307 52 236 410 487 88 35 206 99 309 152 293 454 403 72 497 224 1 488 249 375 435 258 137 29 370 129 
    116 -> 197 438 354 474 191 306 482 49 139 420 271 473 303 266 42 9 300 469 486 417 24 452 260 14 23 350 118 71 38 132 216 19 60 54 371 228 421 29 253 408 263 103 391 127 315 398 286 361 401 375 204 
    117 -> 121 326 429 229 184 110 125 43 244 423 192 64 308 113 269 65 402 195 496 223 413 70 153 22 446 254 336 390 86 287 286 120 320 251 26 417 412 140 388 213 344 245 377 17 75 77 415 363 160 
    118 -> 410 234 305 30 421 188 398 26 248 345 16 270 83 62 371 193 233 194 332 412 54 206 494 129 426 132 184 322 98 319 123 449 159 293 178 160 453 385 231 14 224 157 
    119 -> 414 418 300 105 485 438 384 389 461 280 248 469 2 173 257 14 142 232 231 67 439 37 227 128 381 201 305 357 434 446 136 212 203 66 481 84 3 437 273 386 310 307 154 323 
    120 -> 384 398 187 401 278 303 4 454 61 287 24 281 480 83 58 425 206 295 207 134 53 84 169 69 94 175 244 348 240 211 273 224 471 28 222 442 465 486 173 0 259 96 366 
    121 -> 101 107 419 82 332 150 28 159 313 424 298 217 389 230 53 418 295 421 8 38 303 470 328 60 248 487 194 87 192 216 1 499 154 182 112 45 290 93 315 35 151 129 48 142 222 214 387 471 490 
    122 -> 18 274 31 129 245 155 393 248 232 392 208 490 408 257 50 186 123 421 414 84 175 97 9 252 325 379 389 152 10 136 58 63 223 42 353 121 368 426 246 481 322 374 142 442 114 238 224 335 472 2 202 
    123 -> 167 107 493 33 232 283 469 466 358 228 34 315 360 341 348 256 286 73 426 326 237 372 99 155 419 395 104 427 257 335 478 368 98 207 250 157 170 59 20 332 338 288 481 46 199 392 406 165 271 
    124 -> 131 422 455 280 475 373 293 212 266 155 139 342 142 28 189 348 127 345 383 229 26 186 471 305 357 458 366 148 437 497 5 137 80 327 113 334 21 483 154 41 78 324 7 192 350 37 445 95 47 344 110 208 
    125 -> 132 225 453 59 98 410 488 246 74 463 498 326 451 112 465 118 49 137 107 83 173 184 186 139 57 264 153 79 369 128 292 1 281 191 261 392 356 276 456 166 424 150 135 203 397 479 405 481 295 
    126 -> 188 39 380 229 322 240 89 235 408 360 332 269 492 193 228 387 61 255 217 115 84 26 485 474 428 443 34 404 136 223 87 442 484 471 416 130 353 45 131 237 242 262 335 
    127 -> 475 184 63 404 462 142 221 85 440 6 51 373 394 231 306 329 446 82 154 81 188 52 351 193 57 428 120 55 305 113 455 313 170 261 146 48 264 49 330 319 56 138 224 
    128 -> 430 491 412 158 383 458 351 243 46 149 439 161 392 333 244 191 232 49 335 71 299 325 345 28 231 271 180 109 139 338 302 126 429 273 467 309 433 317 369 198 277 270 23 414 80 384 347 90 
    129 -> 250 216 117 101 183 417 306 177 475 451 213 19 290 287 492 385 83 148 391 258 273 44 344 490 419 240 369 34 172 461 86 10 364 260 393 304 231 449 74 18 284 469 389 179 390 234 118 
    130 -> 408 278 288 224 6 19 46 138 160 32 442 407 441 316 404 180 436 432 181 12 448 177 452 459 220 263 47 145 10 282 18 438 369 98 301 354 235 59 200 240 
    131 -> 219 116 395 484 81 216 37 425 278 3 360 308 244 492 92 323 275 148 91 432 211 22 167 328 177 271 257 418 288 68 161 347 23 293 31 243 172 361 286 313 282 41 428 367 427 
    132 -> 267 465 131 4 483 67 12 401 20 7 152 124 278 45 390 437 97 225 274 370 247 389 341 213 405 466 68 135 64 305 241 159 174 473 368 476 85 283 86 129 72 275 
    133 -> 274 275 158 153 56 193 463 292 216 321 334 99 72 59 182 76 58 470 169 391 230 307 443 432 33 201 165 34 497 200 277 395 154 326 335 400 376 68 332 
    134 -> 385 369 379 235 215 461 270 192 453 281 305 131 47 76 443 241 425 187 23 133 19 486 411 80 220 189 36 490 337 37 268 413 394 176 55 48 
    135 -> 334 61 323 78 31 317 16 6 264 390 25 440 242 243 17 397 304 149 11 104 283 218 474 427 81 354 286 392 343 251 32 359 141 340 324 467 235 99 257 
    136 -> 454 64 20 366 196 107 377 287 384 383 186 327 419 30 428 487 444 467 423 337 25 76 316 63 6 28 175 185 238 112 493 270 309 463 1 304 351 215 279 211 
    137 -> 240 405 163 400 255 8 378 189 340 258 104 197 72 321 82 366 113 206 455 179 383 320 306 190 246 53 160 73 355 147 285 77 344 456 110 144 382 444 
    138 -> 283 99 222 425 418 349 93 489 293 115 379 318 487 307 154 347 17 198 223 251 470 43 365 143 474 498 386 59 21 235 406 94 130 421 70 333 468 257 
    139 -> 416 468 94 408 295 83 62 151 251 191 9 326 230 195 259 486 39 428 221 320 88 264 173 419 41 112 305 278 48 207 135 217 310 150 477 280 76 336 255 101 420 170 21 427 50 183 13 68 353 473 
    140 -> 348 208 396 206 416 41 400 328 411 484 333 422 22 296 453 399 438 317 456 211 264 466 218 320 343 251 494 149 476 327 297 117 309 284 168 375 177 169 
    141 -> 86 185 381 26 139 164 485 110 124 462 390 223 209 302 226 288 142 371 74 304 6 46 319 289 137 352 162 297 217 442 144 135 156 194 458 366 468 219 3 
    142 -> 313 428 51 339 388 262 188 257 369 400 450 215 20 380 12 152 447 358 110 147 481 461 305 160 1 101 327 35 53 7 323 92 406 300 93 196 371 470 13 114 87 396 279 297 342 368 163 422 82 
    143 -> 170 233 12 156 173 208 367 46 472 197 470 265 409 154 416 119 41 400 426 477 453 268 451 252 489 144 382 83 207 164 373 99 402 5 28 112 395 34 305 262 123 115 412 307 272 63 454 
    144 -> 220 3 334 273 468 346 240 320 11 299 31 57 128 481 251 133 208 450 283 380 457 435 308 184 347 370 310 300 288 87 486 199 388 263 119 475 270 2 317 452 365 60 131 165 
    145 -> 18 278 212 414 196 271 319 338 449 96 33 86 183 233 364 91 277 10 330 447 281 94 299 482 215 434 14 383 48 179 254 71 69 367 296 240 
    146 -> 477 485 364 455 396 300 292 7 375 384 24 0 298 473 463 115 372 194 456 466 220 387 388 342 153 428 288 337 343 92 114 193 148 426 247 277 461 294 284 77 121 432 371 490 271 151 11 147 
    147 -> 66 202 447 171 376 322 132 42 276 262 235 196 178 111 272 91 311 85 439 340 151 186 317 150 495 246 152 257 440 59 432 431 274 410 335 140 207 23 124 293 324 418 242 65 18 474 64 49 299 261 363 358 411 166 255 244 81 
    148 -> 267 98 250 323 154 456 105 371 108 69 442 94 128 44 149 4 70 251 186 179 433 104 76 401 360 132 14 341 494 27 398 253 310 235 377 406 279 436 158 96 36 198 256 410 122 383 21 125 488 121 231 376 339 490 40 59 295 24 
    149 -> 425 430 246 386 418 329 262 89 152 428 371 353 438 57 178 422 263 110 368 165 493 73 193 137 365 478 32 268 65 335 79 170 456 351 
    150 -> 207 112 172 476 224 201 285 361 137 437 257 354 229 170 362 117 367 233 217 360 325 392 167 174 458 203 239 291 400 339 488 331 248 222 278 231 156 366 462 26 312 426 428 198 317 468 125 
    151 -> 12 366 40 133 98 26 462 204 350 328 446 324 81 233 439 455 441 140 58 146 107 422 397 314 259 316 428 327 34 71 200 5 411 184 60 249 438 359 189 497 320 277 53 212 486 194 110 459 138 
    152 -> 276 309 240 352 499 469 85 429 494 402 247 95 327 414 455 343 219 313 291 296 311 16 8 384 333 49 63 0 183 199 94 374 406 65 413 184 272 270 10 392 485 
    153 -> 293 403 32 415 272 405 200 160 458 194 319 476 468 140 344 479 50 85 114 474 211 396 359 299 423 262 35 475 237 380 89 472 323 81 361 40 174 183 147 407 398 75 49 254 440 150 471 329 135 29 19 210 343 419 257 499 61 259 
    154 -> 127 145 233 173 467 247 212 174 494 285 420 2 270 486 209 268 311 312 253 417 310 97 94 433 52 121 390 92 378 350 483 169 293 367 249 256 70 411 452 
    155 -> 276 65 443 192 320 214 91 206 314 43 285 408 264 334 63 478 426 126 26 56 129 476 239 21 291 227 28 347 445 436 263 205 417 209 406 386 327 11 7 461 147 23 211 20 232 
    156 -> 348 377 488 86 181 186 42 268 372 312 355 498 174 112 387 334 14 384 218 432 7 359 37 166 361 438 493 366 178 472 437 383 80 4 19 466 367 34 144 282 72 214 455 39 136 370 281 409 414 194 211 
    157 -> 151 259 353 438 70 468 93 418 229 97 257 365 248 243 498 440 319 491 133 298 492 34 277 149 479 345 78 68 121 432 192 375 84 283 109 115 417 59 87 190 453 278 336 376 489 
    158 -> 297 436 306 44 492 184 222 272 356 25 211 130 396 320 190 471 252 384 202 362 61 322 368 182 439 417 14 462 336 408 347 495 138 428 456 386 358 108 91 189 41 90 420 167 448 365 5 
    159 -> 362 79 186 174 196 413 187 239 111 359 428 276 244 78 177 34 118 125 414 425 253 433 327 454 249 39 218 344 126 461 175 384 14 313 181 77 35 204 493 424 150 494 156 
    160 -> 335 300 306 427 414 163 145 80 252 265 490 25 103 408 144 206 392 438 276 161 95 70 488 110 377 59 326 62 203 24 136 6 348 330 292 251 155 253 194 65 140 494 22 496 272 28 129 50 382 486 457 233 
    161 -> 169 62 428 463 336 44 115 189 474 21 333 334 270 354 17 349 487 196 59 146 316 127 91 345 325 295 303 185 147 48 382 195 55 120 38 117 90 31 202 415 191 448 216 26 222 112 480 266 43 
    162 -> 266 355 256 35 218 211 460 297 336 317 0 250 476 173 99 180 475 398 114 100 374 137 341 314 93 263 135 178 121 28 113 298 44 130 188 
    163 -> 75 261 477 62 185 341 16 166 183 28 57 157 259 383 210 285 273 281 290 300 39 96 175 303 363 419 265 331 147 174 333 416 313 54 368 72 255 316 20 76 496 206 171 352 343 293 492 131 490 377 100 434 
    164 -> 344 14 77 313 366 138 84 109 30 415 271 483 200 143 37 35 320 474 44 419 13 96 83 442 38 457 137 90 261 228 232 98 156 158 217 465 61 133 126 100 310 27 303 308 150 80 288 402 211 450 252 
    165 -> 476 434 230 84 215 326 255 98 69 351 451 237 487 498 317 264 190 28 428 112 361 423 244 376 140 6 405 76 115 499 207 36 309 441 43 110 170 485 340 469 401 
    166 -> 51 385 383 255 432 53 250 212 393 3 117 49 439 480 415 28 449 205 258 230 448 189 276 225 64 472 368 54 389 305 450 44 108 153 5 325 453 462 259 
    167 -> 474 155 497 493 96 190 413 218 145 462 284 468 140 489 154 419 488 266 336 36 308 187 344 374 393 280 9 465 56 46 177 188 212 386 317 241 295 291 379 436 293 104 183 269 117 215 216 88 272 81 47 451 198 
    168 -> 58 307 425 226 241 403 234 288 17 139 271 341 440 73 47 343 224 40 32 372 452 435 37 488 143 44 230 281 238 156 273 154 244 374 441 458 88 304 375 487 463 56 43 82 287 331 121 291 345 450 
    169 -> 362 142 452 258 115 175 313 389 485 408 462 231 348 200 149 3 476 15 80 117 407 132 471 237 435 431 105 54 349 51 395 494 226 104 20 296 294 152 52 50 245 18 333 280 341 367 62 
    170 -> 127 215 153 287 288 245 92 476 337 131 386 296 481 155 78 449 15 320 185 271 198 52 472 204 125 205 491 259 349 163 38 341 246 43 299 56 228 45 152 64 442 244 319 400 26 87 258 473 334 430 220 
    171 -> 408 476 470 211 433 483 481 232 36 194 60 494 409 12 90 22 338 178 464 243 488 302 99 378 275 10 447 72 431 365 174 245 383 482 419 28 307 396 51 70 292 264 65 393 471 228 131 385 
    172 -> 148 22 393 293 112 429 302 249 466 319 20 298 125 208 488 478 51 186 474 233 239 211 120 139 142 296 382 399 65 424 222 412 64 459 292 141 250 143 109 472 441 199 46 14 83 219 42 381 200 224 191 288 361 192 401 435 
    173 -> 342 319 443 447 235 489 92 301 496 15 237 10 418 219 28 338 412 409 370 184 423 223 302 330 137 451 156 206 354 230 83 430 70 98 168 390 375 454 484 99 339 246 436 13 196 1 62 
    174 -> 207 476 458 24 295 134 166 353 56 138 184 321 87 383 361 251 240 176 216 293 421 31 404 82 402 32 260 419 213 453 452 462 155 483 80 297 146 210 264 398 72 275 137 257 460 346 
    175 -> 443 39 380 251 71 130 55 232 378 85 412 41 170 454 211 484 486 278 242 234 420 346 108 307 143 336 330 254 312 381 436 318 125 46 198 441 347 84 413 50 52 22 76 490 494 12 495 423 487 411 210 
    176 -> 317 140 222 435 449 450 320 19 264 392 364 22 218 77 139 471 80 100 315 13 50 31 339 414 28 333 443 148 408 65 25 37 91 8 292 293 69 445 396 147 
    177 -> 162 265 333 474 107 105 365 59 20 121 440 445 150 346 429 4 246 406 366 430 336 488 102 317 311 257 218 278 211 267 154 80 165 496 141 194 354 126 273 123 136 463 
    178 -> 333 316 377 411 106 4 82 84 422 343 17 361 461 36 273 221 94 0 248 378 32 498 481 125 47 
    179 -> 88 23 89 109 65 495 73 412 348 100 63 452 343 99 354 148 214 470 320 118 255 61 250 119 329 120 466 91 388 48 115 423 386 71 441 113 36 164 284 340 22 417 498 369 330 395 147 
    180 -> 129 20 44 87 132 179 188 134 15 247 204 145 140 224 4 96 58 348 76 259 279 410 471 274 34 80 483 143 144 367 130 305 495 73 463 32 478 
    181 -> 272 423 458 444 410 482 324 108 387 229 306 90 43 94 223 259 133 111 452 371 28 265 207 422 279 331 352 367 300 374 59 497 87 308 152 19 
    182 -> 323 130 399 142 463 365 364 465 134 251 278 340 246 118 413 302 275 341 279 136 423 298 158 313 283 447 347 176 165 196 2 199 433 357 338 438 268 99 378 86 204 38 27 371 314 294 418 287 191 460 
    183 -> 305 4 469 195 100 13 98 421 158 426 475 485 481 175 414 63 326 361 74 334 407 107 256 484 44 462 288 325 178 198 304 356 351 236 328 431 243 197 
    184 -> 199 65 351 473 6 154 313 298 288 57 420 190 415 139 20 4 368 252 96 258 231 131 407 210 242 78 426 270 346 402 101 64 279 208 46 94 466 226 452 484 93 12 495 
    185 -> 143 399 16 80 424 387 344 213 141 445 280 209 427 81 106 31 195 165 48 295 94 264 229 142 475 54 10 422 205 303 252 70 245 24 203 273 177 486 25 18 
    186 -> 435 425 408 22 145 420 368 106 72 459 356 294 291 81 324 216 183 220 114 259 10 449 12 457 25 53 3 313 34 411 92 428 157 99 453 327 429 7 451 230 279 141 416 240 
    187 -> 113 109 188 314 71 157 152 116 5 183 344 99 463 133 443 452 11 303 256 352 224 56 418 438 381 125 398 124 495 161 448 360 47 436 320 212 302 117 469 229 101 305 
    188 -> 36 162 196 152 216 393 469 283 193 474 135 89 35 445 55 274 130 394 122 342 91 381 251 488 224 46 231 47 310 211 8 59 60 407 103 468 145 4 340 401 475 
    189 -> 327 499 305 50 472 175 119 376 38 194 473 103 246 78 396 98 394 4 138 177 406 94 483 411 498 492 88 233 418 340 43 132 149 6 120 442 467 214 341 
    190 -> 117 33 363 266 470 16 396 286 194 219 40 59 259 229 456 474 317 204 45 267 49 299 293 205 195 126 91 67 191 184 193 179 419 307 225 66 270 19 449 258 453 310 483 
    191 -> 463 162 352 385 374 240 475 74 127 57 353 58 228 116 100 379 112 399 476 335 175 311 470 417 30 461 59 458 173 418 481 327 157 264 339 209 495 12 390 111 143 88 300 60 287 195 
    192 -> 214 281 86 468 45 175 299 390 35 139 461 396 416 52 371 209 151 271 308 364 286 449 234 56 211 257 184 98 280 201 215 383 460 36 309 471 102 21 149 426 74 174 76 77 329 94 
    193 -> 121 3 136 438 418 402 142 222 14 322 185 154 195 486 206 128 179 47 282 208 219 479 397 7 209 387 332 317 235 302 426 130 480 241 424 421 366 435 301 250 20 2 359 341 
    194 -> 493 348 353 454 132 342 252 55 90 46 119 357 244 65 177 483 477 101 398 200 259 133 251 33 409 347 210 162 491 352 215 268 125 365 270 75 153 104 80 485 290 163 165 105 214 312 487 241 370 15 359 
    195 -> 252 66 241 388 398 275 426 378 400 261 192 415 210 35 438 394 371 39 283 467 132 343 204 441 471 115 80 446 32 99 494 266 382 215 325 249 302 428 269 334 23 301 
    196 -> 466 383 317 270 361 215 245 177 52 86 385 156 325 322 378 373 417 6 428 351 402 173 496 290 452 293 336 369 53 4 446 58 80 116 439 183 319 447 318 375 263 60 
    197 -> 363 415 482 205 312 188 452 264 276 266 182 141 12 164 229 246 107 440 124 208 234 348 21 40 48 150 226 209 480 268 335 336 369 273 174 275 327 200 
    198 -> 124 191 212 213 116 381 103 23 166 38 314 478 293 299 285 193 364 446 421 427 328 352 140 180 217 214 258 387 43 398 46 306 86 359 221 391 94 85 455 164 431 184 467 26 309 75 64 204 325 
    199 -> 406 296 88 193 358 92 374 333 349 279 316 449 321 463 287 467 276 67 329 2 295 250 367 63 105 81 190 86 166 198 285 280 164 496 137 151 345 375 401 94 220 339 212 
    200 -> 207 161 28 103 445 129 387 293 169 319 162 168 27 170 11 248 14 477 428 452 469 230 32 480 457 389 87 369 151 136 59 100 413 401 164 476 285 64 317 111 294 
    201 -> 473 446 263 175 317 404 219 285 498 272 117 253 439 3 265 129 418 431 347 142 133 147 215 378 364 150 449 288 397 356 55 158 202 283 304 488 183 255 226 33 426 64 368 454 127 187 296 225 463 126 208 124 389 
    202 -> 306 466 189 126 324 337 254 21 327 454 354 436 84 130 163 490 448 205 18 257 2 402 404 372 453 411 383 85 451 152 158 69 125 283 427 133 196 19 
    203 -> 161 266 413 312 369 105 469 12 474 79 471 487 52 226 386 345 181 179 7 374 58 14 397 276 11 341 5 133 80 292 258 120 169 385 250 28 323 171 110 207 249 61 108 443 324 481 342 468 
    204 -> 62 139 3 212 18 37 309 388 119 478 219 112 55 304 228 65 140 493 69 496 360 378 213 160 191 288 89 354 415 428 12 348 303 345 328 155 499 30 51 
    205 -> 459 284 84 455 67 62 159 433 48 199 441 98 89 391 482 368 346 331 330 354 440 333 223 477 4 43 417 136 400 416 21 50 345 385 149 454 213 325 313 6 186 194 326 74 430 413 219 
    206 -> 175 367 468 403 410 183 311 471 441 428 16 200 406 352 436 79 202 89 123 228 179 4 160 388 493 306 65 193 145 484 14 290 256 313 
    207 -> 407 478 249 286 135 119 486 393 271 122 429 251 340 114 2 419 72 438 137 414 173 485 404 472 399 423 155 366 101 257 464 378 217 154 61 57 489 190 142 227 230 
    208 -> 218 315 231 412 394 442 135 88 27 497 157 25 39 389 55 145 26 120 413 299 7 333 164 459 472 23 376 20 70 487 58 160 115 277 267 152 40 372 54 252 398 393 453 16 255 159 428 430 82 226 32 63 
    209 -> 113 37 24 32 342 130 317 50 344 387 319 110 184 134 53 192 151 460 398 33 167 450 158 69 423 120 233 448 127 458 125 186 152 154 467 263 300 10 153 484 376 421 223 148 362 356 
    210 -> 289 209 432 27 420 212 241 394 480 38 371 408 15 139 468 429 190 458 144 312 383 367 496 142 95 173 130 189 182 4 316 122 221 115 93 183 349 407 171 433 439 126 292 
    211 -> 22 248 87 243 281 209 314 86 246 442 348 219 79 337 104 278 68 225 8 237 340 295 310 259 173 181 353 436 143 395 19 493 454 100 422 74 59 365 218 156 402 440 127 299 164 247 433 186 432 200 387 441 
    212 -> 145 343 345 206 67 336 293 385 268 495 150 253 80 370 378 161 208 9 138 472 153 252 320 296 334 99 459 333 427 319 215 434 479 283 497 361 129 66 414 84 481 8 191 304 254 88 468 233 467 302 5 247 387 457 
    213 -> 186 72 479 172 194 142 268 181 227 424 341 270 96 117 138 285 405 290 131 68 339 434 205 302 230 61 202 427 345 160 298 152 215 425 493 3 234 299 263 414 465 136 454 421 173 
    214 -> 22 330 485 438 370 51 236 313 71 180 375 64 420 274 399 317 498 366 148 383 449 77 12 248 466 390 376 351 244 165 100 408 52 278 92 187 483 65 15 467 475 435 127 27 115 191 441 452 296 44 433 239 491 199 
    215 -> 5 88 356 150 11 131 66 38 30 295 217 104 285 361 453 142 441 183 6 32 175 143 231 360 432 126 399 282 464 158 377 336 53 98 190 359 362 368 484 391 72 
    216 -> 258 263 153 53 34 351 457 403 115 93 444 127 431 116 90 106 296 448 459 140 10 259 333 225 493 437 192 495 6 358 276 439 257 76 253 297 302 
    217 -> 213 20 456 444 248 464 281 283 276 70 25 378 407 419 319 477 423 52 358 453 29 347 207 188 379 410 338 154 298 203 26 103 136 301 93 471 497 364 153 409 40 120 336 
    218 -> 123 319 360 149 312 255 89 458 447 286 169 494 184 5 351 116 114 167 369 166 418 171 285 381 308 204 283 260 269 158 430 396 244 228 470 78 39 294 30 36 361 164 465 159 391 57 432 129 490 253 8 95 90 
    219 -> 241 268 479 73 446 184 201 490 264 42 470 102 119 435 472 7 14 457 396 13 425 486 250 185 235 71 273 121 492 456 258 124 143 318 306 216 265 87 62 158 183 388 440 12 416 11 424 
    220 -> 438 449 85 244 168 412 326 54 95 319 134 392 69 243 364 86 116 233 462 453 405 68 124 105 487 302 467 61 460 413 353 461 7 13 476 17 301 407 184 139 37 332 45 210 468 250 111 381 27 416 280 367 176 291 64 76 144 
    221 -> 118 353 343 37 272 491 39 283 112 340 162 396 471 474 416 65 251 482 130 465 140 32 124 391 236 356 375 232 301 359 281 51 329 317 50 189 187 110 
    222 -> 366 252 204 410 303 481 485 103 135 272 213 391 488 249 254 284 323 493 49 27 363 483 113 185 93 15 193 396 468 497 108 235 352 203 16 365 332 128 85 77 60 192 348 66 415 414 172 375 238 40 441 137 
    223 -> 278 331 262 246 306 252 383 72 423 12 206 219 329 458 157 210 270 374 473 116 57 342 111 4 406 7 96 153 102 184 122 215 13 471 350 390 232 452 481 297 18 281 466 98 
    224 -> 92 125 373 169 462 13 128 67 337 378 368 490 168 377 158 338 361 429 215 446 309 209 18 129 121 451 24 37 118 147 116 419 88 72 22 41 79 394 360 
    225 -> 403 97 450 322 157 377 196 327 53 205 150 446 302 73 471 306 13 324 18 173 280 482 123 103 265 212 172 484 332 285 78 87 193 194 419 444 370 353 448 
    226 -> 170 85 3 147 307 453 421 352 376 104 423 51 2 97 297 90 5 294 348 199 288 69 210 454 313 316 304 414 374 23 43 338 99 436 61 314 290 253 487 494 310 427 169 
    227 -> 368 190 179 288 123 455 418 63 462 180 166 264 394 270 237 438 228 70 497 250 487 342 429 199 345 328 458 391 405 172 326 204 362 327 160 69 478 351 117 84 234 313 302 431 
    228 -> 446 117 34 307 255 211 48 451 378 113 309 31 465 134 302 441 299 365 59 49 440 2 115 171 147 14 353 119 223 16 418 86 414 330 289 
    229 -> 41 199 90 159 17 273 441 20 298 33 257 251 35 179 97 81 192 105 277 333 16 386 313 118 176 382 47 459 198 70 345 409 165 271 158 197 495 381 339 410 236 463 
    230 -> 489 345 248 473 210 462 229 287 238 418 398 461 97 239 149 467 151 114 276 128 449 297 310 227 57 267 453 150 232 295 141 76 400 1 107 444 32 145 169 226 403 160 130 284 303 296 35 367 197 324 486 492 
    231 -> 423 486 455 212 294 278 72 105 472 285 134 84 63 36 200 383 21 375 453 384 189 186 225 287 188 457 437 329 179 435 252 301 482 367 149 465 191 90 357 147 73 275 292 385 102 11 344 96 55 
    232 -> 480 478 73 466 336 127 15 246 253 190 13 306 143 371 388 312 186 428 159 445 489 286 403 386 337 438 87 439 45 24 112 124 84 450 369 247 395 271 121 236 133 287 385 
    233 -> 80 273 346 392 68 221 291 184 174 145 83 7 27 74 240 294 449 427 158 308 430 319 187 413 497 126 431 40 345 155 165 323 202 322 263 380 86 282 120 65 96 
    234 -> 292 67 172 352 238 312 195 110 394 45 432 124 113 478 340 66 283 208 474 243 18 133 79 141 36 88 163 203 309 410 127 24 304 201 475 102 10 192 21 
    235 -> 153 69 332 221 331 145 208 467 122 405 457 72 134 120 278 460 429 341 117 111 306 196 24 203 483 197 455 99 27 7 239 35 450 57 263 318 383 255 220 366 404 398 40 
    236 -> 153 185 453 165 145 247 250 148 349 326 394 201 48 283 197 137 143 369 216 377 398 82 58 251 388 76 385 305 315 454 230 278 219 218 347 31 109 258 127 186 38 331 
    237 -> 42 428 273 431 311 278 106 495 233 246 423 229 452 331 341 222 466 193 43 306 8 281 437 439 78 356 44 88 18 101 112 357 48 27 344 262 304 197 67 153 416 148 335 181 332 343 97 
    238 -> 278 204 52 152 76 188 125 269 187 200 491 1 142 408 221 374 13 207 212 435 108 425 225 148 133 430 151 146 365 318 198 243 451 192 428 145 486 279 131 311 193 189 288 149 
    239 -> 417 149 190 437 360 16 327 322 140 318 82 319 317 94 222 261 362 115 106 177 231 152 306 478 448 370 51 269 429 461 77 289 348 304 0 410 258 63 414 293 379 389 172 
    240 -> 56 321 396 11 383 118 458 261 479 3 102 209 328 117 408 36 420 95 260 77 142 183 369 484 91 249 356 81 151 430 426 347 26 470 291 337 99 273 276 367 218 311 424 251 482 237 318 
    241 -> 497 157 44 420 230 60 403 256 492 173 343 451 255 274 27 89 234 48 148 334 55 9 38 170 132 317 62 7 182 371 261 462 363 32 67 129 245 228 400 444 286 282 291 135 188 397 389 
    242 -> 336 465 329 250 198 246 387 226 235 195 56 140 414 492 6 170 92 172 323 234 79 288 145 141 478 119 238 262 422 419 205 412 36 169 394 494 352 257 179 324 427 59 
    243 -> 34 298 220 171 420 318 396 241 181 77 98 315 240 214 443 155 442 262 102 372 430 247 431 194 499 307 428 275 172 153 74 409 184 16 335 416 76 454 63 472 173 257 
    244 -> 216 389 341 167 400 424 303 238 119 381 333 184 23 248 426 198 72 382 321 243 345 107 496 49 225 402 335 92 313 228 475 157 32 466 108 240 10 165 217 138 93 24 456 252 390 355 146 38 126 67 11 
    245 -> 393 181 299 295 417 420 337 270 496 362 365 128 75 334 4 47 379 364 473 10 462 282 484 491 293 123 192 186 223 423 78 498 202 400 329 321 374 127 327 88 17 55 172 84 31 358 
    246 -> 399 31 9 47 60 178 358 140 437 40 86 154 379 309 311 231 225 452 257 424 331 81 320 35 72 436 412 447 349 70 38 211 340 375 271 444 376 446 422 326 312 495 183 121 453 434 214 407 477 
    247 -> 51 72 164 452 471 106 348 357 91 257 364 94 499 469 399 119 441 211 3 264 344 398 239 69 420 193 192 278 196 414 421 2 415 215 138 468 263 126 429 473 246 229 52 129 319 154 
    248 -> 440 372 81 137 198 339 169 8 41 345 199 204 217 162 118 467 64 406 163 80 496 155 464 74 52 2 77 27 470 218 257 493 125 167 456 1 462 106 138 243 43 449 247 249 117 70 221 489 270 76 
    249 -> 414 472 185 66 1 386 138 383 74 320 457 351 487 146 150 145 393 248 335 81 239 210 62 112 160 454 436 372 420 97 289 209 291 134 467 7 256 36 68 285 
    250 -> 409 347 429 116 260 473 316 12 252 235 303 57 8 117 65 181 337 499 450 119 234 37 1 470 294 266 114 148 353 45 424 370 354 157 467 349 365 13 395 257 239 182 73 120 
    251 -> 449 424 171 465 475 142 66 30 377 217 56 346 393 37 256 335 80 175 211 43 315 21 257 109 330 285 349 124 149 5 390 36 236 469 395 331 446 456 380 93 296 476 164 265 298 467 208 157 224 177 
    252 -> 112 138 398 489 263 260 8 156 356 447 411 93 34 309 75 375 108 66 25 319 115 414 45 374 20 292 174 183 48 167 465 225 232 348 163 330 54 480 317 419 478 421 50 144 149 276 420 114 495 
    253 -> 372 127 186 393 283 119 247 402 228 435 215 175 251 199 362 180 184 0 200 307 451 471 43 226 14 122 395 30 172 322 235 107 386 319 341 399 303 191 265 90 476 364 22 171 20 425 85 214 333 443 340 84 383 428 221 
    254 -> 325 351 369 41 131 361 249 238 199 366 457 373 255 180 118 355 363 108 137 168 227 321 319 461 282 189 20 136 79 97 149 247 1 21 213 494 57 268 340 304 65 55 113 179 148 474 496 139 385 99 433 46 490 98 387 245 0 291 186 459 334 
    255 -> 259 398 457 50 166 4 476 55 463 499 323 108 342 439 301 51 279 247 186 200 204 362 11 357 133 31 137 42 324 217 410 143 207 288 132 152 
    256 -> 392 473 394 30 103 102 240 255 410 164 284 440 429 425 278 433 353 40 108 330 356 12 468 287 130 174 98 66 4 184 106 396 484 282 461 68 67 422 82 166 74 160 462 432 101 107 470 246 238 142 
    257 -> 27 164 422 478 45 191 32 282 359 328 450 309 139 294 5 362 416 107 393 304 366 442 341 18 41 487 44 357 163 37 485 69 245 429 278 477 124 142 17 204 270 159 
    258 -> 112 162 452 307 91 175 392 453 232 462 198 421 382 259 372 164 260 22 470 105 420 129 294 425 486 330 344 291 161 451 127 71 243 488 125 365 405 7 234 204 101 398 439 25 62 465 363 140 222 376 274 305 352 190 282 213 47 220 
    259 -> 132 192 92 391 463 350 96 145 369 409 81 393 9 353 429 471 135 290 239 119 370 432 377 339 65 252 190 206 255 181 116 386 296 69 489 127 43 182 215 
    260 -> 307 489 229 401 105 441 370 122 226 179 390 379 65 498 253 142 94 303 40 109 386 6 434 299 71 254 233 154 100 176 
    261 -> 150 480 195 417 151 271 148 155 256 495 400 159 477 200 485 253 381 456 442 235 181 300 491 434 274 290 473 108 168 435 447 483 132 233 234 59 73 
    262 -> 102 389 365 441 68 464 220 56 188 14 108 440 320 304 207 408 455 378 41 459 263 279 366 489 397 24 473 293 141 460 197 127 433 36 353 175 429 288 191 491 299 436 201 432 
    263 -> 112 317 307 436 128 463 288 13 204 351 30 336 125 132 374 294 316 251 358 377 302 54 319 87 25 141 381 133 20 499 438 300 262 386 65 276 279 487 115 348 173 
    264 -> 493 232 343 388 282 322 130 127 144 409 195 445 28 311 133 257 164 406 173 126 79 10 71 480 52 387 408 287 427 29 284 214 449 66 251 202 308 451 160 51 407 356 107 336 192 470 467 
    265 -> 427 12 34 67 246 170 381 323 180 303 466 158 61 419 281 474 142 31 342 420 314 245 461 318 362 447 434 129 29 320 134 92 96 104 150 242 66 375 49 206 331 321 486 
    266 -> 215 142 36 12 449 280 459 233 494 11 322 361 148 152 82 239 18 33 134 21 316 473 166 497 476 216 48 211 445 448 331 254 81 259 174 155 10 212 401 219 
    267 -> 316 145 135 314 415 6 65 107 197 493 336 241 256 209 420 416 430 479 293 35 84 193 393 140 484 22 4 401 47 491 487 272 168 151 28 291 40 378 249 111 476 94 
    268 -> 128 45 290 229 195 497 297 432 131 103 289 120 126 476 223 482 386 110 473 106 445 213 313 370 17 224 296 230 359 492 140 198 303 376 366 398 372 113 440 418 452 349 435 177 30 147 
    269 -> 372 228 96 87 36 72 315 151 370 380 50 215 247 114 345 84 459 41 488 8 111 252 318 119 44 53 483 296 263 216 291 497 18 256 423 484 334 478 30 186 399 
    270 -> 318 197 355 359 342 79 112 96 144 334 56 146 199 354 264 358 247 495 282 92 379 278 100 216 177 15 187 115 316 378 236 89 429 126 443 259 360 364 261 200 250 267 94 406 303 226 9 46 457 257 
    271 -> 71 74 448 138 406 121 146 26 201 423 82 189 33 132 472 215 455 123 305 48 129 242 442 412 440 15 232 65 490 391 303 21 197 11 292 496 486 199 298 471 382 275 451 362 247 
    272 -> 307 460 411 282 6 82 275 149 279 131 463 353 236 164 416 286 464 378 105 355 212 368 303 306 437 421 338 70 103 400 156 490 7 194 358 330 308 267 240 98 404 152 388 373 243 118 372 239 478 428 481 
    273 -> 216 234 13 110 360 9 167 314 170 407 266 120 206 316 456 247 73 221 476 123 42 260 270 99 245 311 426 405 330 153 101 312 72 346 252 204 372 249 478 412 280 299 422 
    274 -> 429 213 323 344 101 404 103 115 111 334 453 419 442 451 360 293 210 97 272 380 20 278 248 464 91 312 225 356 340 288 422 320 72 306 456 438 252 447 174 34 159 35 310 491 181 
    275 -> 214 51 129 461 349 123 94 254 450 104 122 52 322 284 384 398 497 381 346 119 338 418 439 499 392 181 93 186 70 285 365 335 326 25 105 157 188 138 176 
    276 -> 146 167 385 24 286 222 77 390 411 58 127 193 407 298 208 299 381 371 212 266 347 69 157 7 462 121 97 317 118 424 142 3 332 494 144 353 435 134 
    277 -> 475 50 316 435 39 149 287 225 113 446 298 68 281 217 299 414 422 452 461 314 396 168 272 75 126 483 354 303 43 230 473 381 411 4 491 104 280 410 82 398 294 231 74 180 342 
    278 -> 50 397 413 35 177 425 313 62 175 433 342 130 210 498 150 104 499 84 415 378 456 257 133 79 434 440 178 140 81 241 109 260 354 406 108 365 479 317 237 381 39 468 493 447 155 
    279 -> 35 272 67 112 230 425 360 235 489 223 445 252 297 94 71 289 4 447 200 250 105 460 284 113 240 137 99 132 123 1 108 84 288 380 296 194 414 409 331 47 100 30 392 231 32 34 407 474 428 124 209 
    280 -> 120 441 93 369 27 428 121 172 246 2 283 43 324 453 360 153 157 410 389 232 452 220 152 363 0 154 446 118 495 308 484 317 167 15 131 479 454 24 408 264 123 492 429 104 368 195 30 161 143 205 417 353 348 8 189 403 
    281 -> 494 34 124 139 386 356 130 201 114 21 298 342 95 464 174 297 159 359 66 327 312 318 475 40 320 104 253 406 24 391 242 286 432 316 496 27 160 57 290 94 20 489 
    282 -> 235 151 302 295 239 0 469 318 425 258 490 76 369 117 23 127 105 352 25 385 186 138 252 283 310 325 98 202 424 118 147 207 342 195 112 274 447 356 484 432 29 19 388 228 399 181 150 194 204 296 453 449 361 472 
    283 -> 80 191 158 118 23 463 43 417 223 430 344 370 47 324 211 428 458 354 221 151 297 202 120 79 28 350 459 248 87 74 342 343 19 301 146 97 25 309 7 66 230 245 416 
    284 -> 450 269 462 66 227 216 312 178 239 300 339 150 445 408 115 266 206 90 347 93 169 240 359 211 370 170 466 282 341 24 252 96 309 365 273 289 
    285 -> 150 22 136 346 205 33 418 91 236 64 318 269 49 84 114 40 397 324 340 417 169 256 370 92 297 294 167 380 413 93 456 241 249 448 39 61 18 63 158 447 261 
    286 -> 8 250 460 399 473 269 21 319 462 452 24 493 94 287 439 53 247 134 379 139 389 478 30 264 65 359 116 186 373 155 355 0 455 329 120 234 129 450 28 361 475 
    287 -> 147 423 89 50 258 291 361 440 125 405 104 202 22 209 428 348 356 457 386 25 480 307 78 353 129 32 425 13 74 181 481 371 344 346 341 477 226 328 319 434 403 171 156 467 312 383 28 243 141 212 9 60 290 308 
    288 -> 45 35 483 354 301 412 222 260 82 358 379 257 330 362 149 135 168 458 192 445 318 355 433 314 417 151 374 494 241 36 428 54 230 97 171 58 286 431 357 26 335 
    289 -> 363 465 40 463 309 184 92 28 149 163 118 107 262 160 106 88 497 335 467 405 69 443 391 287 140 173 56 58 61 373 11 354 53 183 239 268 428 10 302 282 368 110 23 133 104 
    290 -> 264 490 353 162 417 103 241 173 93 153 299 465 350 285 191 302 94 232 60 113 474 276 174 478 388 217 205 230 117 293 90 357 453 423 369 422 122 51 130 20 324 175 15 
    291 -> 221 384 88 47 300 201 344 302 490 107 327 368 36 428 45 41 146 266 463 164 398 326 282 200 323 277 249 357 144 474 309 133 205 453 424 89 48 90 209 
    292 -> 232 239 341 313 448 82 349 15 45 204 352 201 203 498 187 326 361 401 486 476 415 25 205 179 400 265 73 338 333 176 78 143 436 250 
    293 -> 16 282 120 409 139 404 498 441 349 364 342 340 370 415 381 365 277 220 470 92 206 134 158 36 65 254 417 341 474 329 476 53 480 112 62 461 95 127 189 15 148 256 462 
    294 -> 284 259 289 188 28 342 291 60 104 495 178 194 216 116 143 149 150 56 306 371 80 477 431 55 83 19 93 218 226 453 250 271 357 436 496 224 
    295 -> 328 285 351 347 24 211 348 120 357 420 114 130 291 219 294 127 314 340 296 379 466 11 352 56 418 266 250 4 53 172 148 128 95 31 485 338 251 374 495 470 331 89 300 16 
    296 -> 255 7 435 241 112 136 160 215 14 6 375 417 13 43 196 101 90 182 118 312 421 365 271 185 59 372 358 252 190 248 460 83 171 349 444 270 176 305 235 106 221 239 113 333 73 322 61 189 
    297 -> 232 147 301 205 157 236 72 455 440 416 379 195 40 209 142 397 498 477 149 96 275 52 353 133 59 13 26 342 439 197 2 421 253 311 234 351 298 257 410 91 390 98 
    298 -> 303 492 269 88 327 291 463 382 80 392 431 444 363 369 201 66 337 171 24 386 281 98 70 69 64 404 228 170 435 20 483 83 319 92 211 147 188 243 11 288 307 139 312 174 299 75 389 
    299 -> 86 268 18 497 308 122 4 93 7 73 222 95 291 76 474 403 360 278 47 471 393 97 265 473 334 316 424 159 118 361 111 168 126 85 119 284 257 326 9 57 297 478 475 125 100 164 
    300 -> 125 248 85 134 26 218 219 184 146 471 280 291 270 166 431 67 24 18 258 20 101 223 393 161 331 249 309 365 388 334 117 376 144 10 307 241 1 456 275 121 164 
    301 -> 349 263 374 163 361 132 115 223 348 303 448 52 278 106 403 102 391 387 352 304 444 407 268 324 17 36 178 207 458 327 487 235 121 89 424 347 37 129 31 8 476 438 267 457 317 145 
    302 -> 460 262 177 120 181 361 241 336 470 258 255 156 433 457 109 456 110 295 338 222 128 323 158 132 450 286 299 94 346 46 147 211 48 276 423 183 40 296 349 440 221 239 322 217 197 353 
    303 -> 477 117 17 291 466 56 332 254 252 354 109 385 336 407 383 464 382 323 250 460 78 391 415 127 124 32 338 436 168 448 51 108 238 149 326 463 381 425 176 400 401 237 7 406 234 404 440 441 302 342 481 
    304 -> 209 303 79 234 52 390 183 268 136 495 415 150 450 256 367 107 193 1 210 239 374 89 441 10 205 345 329 333 331 380 403 161 280 414 258 90 404 445 428 104 207 309 31 102 271 377 8 459 454 346 362 372 7 440 
    305 -> 492 225 105 499 41 7 103 75 408 443 469 179 151 431 159 4 471 53 457 92 57 81 262 475 498 94 289 365 236 207 60 213 190 156 306 466 0 176 226 315 218 9 452 308 
    306 -> 175 364 302 9 344 415 313 453 106 310 402 223 7 279 76 316 33 465 85 138 237 412 67 448 20 113 75 342 216 203 379 44 236 392 84 246 447 467 41 201 401 
    307 -> 82 463 356 206 377 405 106 264 63 426 189 222 489 171 210 382 228 157 90 415 68 331 247 26 142 9 474 488 126 115 492 450 326 53 446 466 192 227 
    308 -> 304 45 205 166 82 444 385 245 188 57 320 389 410 466 8 96 293 400 336 296 460 115 236 285 353 483 177 420 201 222 418 155 341 93 103 198 456 137 92 380 423 476 216 53 52 59 452 391 361 301 
    309 -> 236 376 104 192 369 335 351 59 46 495 337 305 113 194 384 8 453 112 288 183 6 180 451 140 178 229 276 414 271 293 202 355 155 254 441 286 121 404 299 
    310 -> 420 86 445 377 454 476 23 34 206 494 344 62 296 461 211 233 52 115 261 196 373 175 240 234 73 458 400 104 213 281 489 163 132 397 305 192 49 414 
    311 -> 190 54 381 353 99 142 348 1 86 66 416 160 447 172 137 127 275 304 484 458 361 277 470 138 53 352 151 467 357 243 244 155 482 299 140 180 207 314 14 90 39 271 385 50 
    312 -> 235 118 285 91 444 5 150 397 4 88 362 366 422 124 488 194 403 332 121 205 67 104 364 214 35 210 252 193 482 102 20 388 108 76 491 175 401 143 253 478 218 47 316 55 371 166 487 238 279 246 51 394 363 211 107 
    313 -> 302 174 126 187 251 57 165 494 44 100 394 315 295 182 379 54 495 144 129 134 280 48 317 208 272 359 375 32 480 41 111 326 84 18 168 426 80 181 49 157 262 414 135 498 259 256 15 
    314 -> 421 450 141 33 266 462 215 261 69 417 294 355 247 208 388 301 65 72 22 136 410 200 273 229 55 351 207 484 434 369 394 192 406 102 39 446 480 
    315 -> 89 430 368 127 377 59 319 452 36 145 58 19 23 267 256 412 172 248 443 121 262 464 1 4 492 363 450 253 343 218 370 418 369 46 81 11 
    316 -> 80 399 338 78 435 476 470 417 394 66 9 22 312 85 57 192 407 391 261 173 88 120 353 208 361 56 467 340 336 383 294 301 366 490 273 179 460 197 6 405 216 49 246 251 111 277 271 44 20 325 362 41 118 29 326 409 341 53 187 495 299 433 205 
    317 -> 205 430 450 350 249 122 153 35 188 246 239 387 46 174 467 399 412 256 52 209 229 314 266 5 455 371 454 235 310 346 243 427 177 337 67 286 94 376 274 411 47 14 432 77 351 329 390 139 4 148 
    318 -> 317 396 180 223 170 119 456 75 331 166 199 341 100 13 5 116 233 57 268 68 349 147 382 1 222 108 240 416 449 207 391 69 283 129 264 234 369 154 438 238 354 209 
    319 -> 112 264 284 283 269 370 266 477 159 321 360 42 13 419 374 439 423 462 291 432 211 449 218 289 181 187 39 133 107 215 49 135 124 371 97 416 404 238 90 314 286 108 305 93 313 60 
    320 -> 33 473 328 412 25 431 209 156 211 269 405 315 169 42 117 80 192 89 421 476 313 43 373 306 402 292 195 10 61 107 372 498 111 161 277 490 79 327 310 471 287 6 
    321 -> 384 498 488 39 135 494 93 165 217 371 298 136 14 144 189 283 124 200 327 413 263 289 266 156 452 222 220 314 104 482 188 174 178 106 374 87 2 221 328 338 82 56 150 72 126 
    322 -> 232 71 399 477 124 446 223 383 354 5 79 164 146 379 190 498 393 154 411 443 385 127 175 312 458 130 274 250 182 200 333 157 353 360 362 346 121 456 8 334 365 315 
    323 -> 495 405 172 57 432 34 121 256 484 443 15 44 462 37 16 351 371 221 263 322 479 202 283 282 88 174 304 184 425 224 41 329 350 245 79 424 334 72 269 274 
    324 -> 456 34 205 351 394 255 232 188 42 47 390 44 4 174 229 337 348 290 353 363 221 69 496 484 331 226 306 289 434 498 67 118 460 355 54 91 411 450 400 133 2 301 409 129 80 280 267 171 55 
    325 -> 97 50 375 403 133 464 382 53 211 190 222 224 301 346 23 88 463 406 29 77 94 260 256 159 322 188 307 311 454 374 431 355 227 457 155 92 71 405 461 127 
    326 -> 331 89 171 425 179 109 267 191 397 346 213 481 468 407 402 277 87 301 50 45 275 3 164 360 155 440 212 293 314 286 150 170 264 151 289 73 15 450 0 498 236 318 477 
    327 -> 69 14 162 328 109 240 267 102 339 459 41 364 246 372 124 487 170 335 286 249 330 9 253 311 208 291 103 225 266 314 336 48 218 2 476 274 383 151 391 154 164 430 64 
    328 -> 255 403 422 425 64 388 151 212 81 49 401 339 446 188 84 23 128 443 58 331 368 340 307 39 68 229 467 10 301 488 389 253 1 114 131 202 490 65 70 57 36 312 305 180 
    329 -> 25 464 235 42 257 404 270 254 313 138 65 445 153 449 136 421 239 468 114 273 299 169 402 330 12 301 24 218 4 457 485 384 282 297 388 168 201 353 275 11 181 261 230 102 371 93 179 141 227 250 202 69 
    330 -> 77 286 235 196 243 75 119 229 114 141 316 88 168 363 305 461 181 391 397 425 104 34 151 227 3 402 396 19 317 250 190 192 122 153 238 54 225 348 367 480 435 420 
    331 -> 401 383 165 145 43 274 230 278 248 322 199 386 30 173 47 321 105 243 299 72 484 220 183 34 357 327 346 126 68 371 494 77 185 365 5 45 153 478 422 46 137 55 439 65 73 259 
    332 -> 88 21 412 488 159 219 189 34 194 495 113 20 396 280 394 299 102 17 420 253 376 444 134 389 247 428 288 130 96 132 85 341 364 463 474 7 300 458 478 
    333 -> 339 131 183 219 245 331 190 125 168 281 82 310 322 370 284 162 81 231 180 475 494 306 395 265 213 271 275 88 175 198 118 45 32 35 50 267 179 336 358 279 127 
    334 -> 324 32 240 249 253 454 207 308 406 172 403 161 374 115 110 45 490 261 488 187 37 458 102 375 336 112 492 487 298 15 210 239 
    335 -> 51 455 483 130 492 499 134 341 338 182 343 117 475 433 458 150 299 58 480 175 431 250 236 400 311 92 446 314 402 27 106 222 56 179 49 37 477 83 447 313 443 68 
    336 -> 467 283 108 149 20 323 58 135 387 273 274 115 138 38 450 464 153 367 439 118 482 389 425 172 315 353 179 45 143 61 32 255 475 201 71 5 296 107 96 474 148 451 180 442 217 
    337 -> 182 295 200 325 141 56 422 50 389 284 390 147 320 199 318 261 112 241 346 127 456 226 435 427 425 79 302 228 231 116 466 490 105 
    338 -> 152 346 184 214 440 17 238 199 1 403 334 227 488 205 384 495 451 82 450 447 81 368 363 78 307 24 108 347 181 107 329 77 221 79 196 404 426 479 405 34 135 210 322 141 
    339 -> 426 420 28 117 189 334 309 203 412 256 482 157 386 362 94 422 387 249 3 477 183 492 148 174 167 295 98 83 159 335 404 199 406 152 144 105 390 259 104 197 332 32 
    340 -> 104 92 294 436 489 205 482 396 275 198 80 461 442 65 278 75 274 192 453 293 173 495 224 212 272 58 494 474 114 447 148 208 488 59 360 375 103 161 51 35 184 89 176 194 171 16 466 
    341 -> 166 306 72 147 333 265 95 141 478 68 338 124 426 429 318 431 151 29 84 280 362 45 486 273 452 489 279 378 389 204 32 467 304 356 167 382 
    342 -> 410 480 460 317 367 368 248 459 46 12 286 302 42 242 499 359 35 26 186 408 115 49 118 381 409 164 447 233 437 24 13 79 326 102 64 364 256 462 442 22 407 324 
    343 -> 374 84 328 44 392 185 301 331 51 393 403 296 297 184 434 117 274 495 425 320 26 372 371 136 380 244 440 109 249 0 63 494 97 91 64 377 217 
    344 -> 321 429 219 159 460 417 226 282 231 61 338 293 346 97 71 284 431 443 195 333 359 18 92 70 55 365 165 208 176 441 350 175 410 2 17 0 334 420 261 391 462 103 100 356 364 22 29 228 241 339 402 42 499 49 117 78 464 58 380 41 453 85 156 
    345 -> 48 184 368 170 56 268 424 254 130 390 242 199 157 220 163 117 288 197 488 156 346 52 196 462 307 140 38 245 326 319 64 164 13 379 222 73 145 223 
    346 -> 4 441 233 424 296 91 411 121 496 212 72 76 465 147 207 105 384 103 177 271 278 380 200 94 250 78 418 241 138 224 93 7 152 150 396 443 90 198 338 340 452 486 304 125 226 154 
    347 -> 354 426 446 444 53 160 278 195 318 377 267 23 159 258 133 141 77 407 98 251 277 486 18 190 348 298 249 250 186 243 68 456 431 464 397 2 310 
    348 -> 183 13 418 5 80 177 126 59 351 341 428 384 174 431 193 499 429 235 457 201 191 460 482 106 425 389 229 28 21 1 447 36 321 408 199 212 486 88 346 
    349 -> 476 287 292 351 421 341 184 436 360 85 330 210 52 385 7 250 133 291 295 429 68 23 288 46 165 51 264 189 251 427 118 56 245 254 316 359 422 54 159 268 221 443 211 70 72 447 416 382 481 108 15 10 
    350 -> 445 390 342 491 210 134 166 402 0 424 248 285 353 254 145 321 69 430 290 255 161 175 379 20 473 462 412 380 448 82 320 281 406 293 5 360 63 65 452 478 111 443 133 277 
    351 -> 188 71 372 97 59 206 88 154 414 464 383 422 341 24 161 167 111 429 427 55 130 237 306 134 112 121 496 254 8 170 432 450 42 252 26 365 103 107 334 410 
    352 -> 233 178 118 422 81 101 418 48 41 396 372 472 95 174 57 1 293 435 106 399 325 7 11 111 180 223 357 73 263 
    353 -> 224 18 393 267 289 266 186 369 89 199 472 185 286 247 361 301 333 449 262 373 349 459 437 358 210 70 318 180 15 281 486 93 
    354 -> 94 450 34 401 449 482 262 229 309 4 322 433 52 307 105 438 344 374 396 413 265 391 164 91 21 466 342 280 246 416 247 488 320 325 368 46 425 143 205 20 92 386 87 242 
    355 -> 105 433 446 283 121 364 70 450 202 331 99 342 189 193 292 226 294 441 129 399 384 484 125 429 218 472 38 482 239 182 97 313 206 230 268 138 382 20 304 260 373 
    356 -> 334 302 69 104 479 17 461 156 196 490 46 293 243 248 268 343 271 139 71 76 460 409 126 414 112 359 208 394 182 48 216 385 140 422 430 125 145 
    357 -> 384 454 78 485 334 67 326 438 97 352 294 4 197 237 351 193 233 298 13 204 447 437 246 496 445 162 32 416 290 152 0 283 130 472 315 317 493 266 155 333 380 481 336 
    358 -> 376 489 90 337 96 33 332 439 496 3 487 25 196 249 320 120 46 47 128 289 13 184 237 109 36 427 308 272 346 240 89 163 321 111 186 479 213 437 69 426 179 95 174 490 378 401 
    359 -> 78 258 346 77 127 85 350 393 482 454 151 1 428 25 310 345 261 448 474 15 125 17 371 337 69 102 47 208 60 166 87 307 341 22 338 129 326 104 437 464 443 210 282 246 289 450 225 214 91 378 
    360 -> 375 444 497 269 272 48 63 176 111 407 228 290 114 224 443 397 162 481 147 55 5 187 265 421 246 400 121 50 495 157 328 209 164 40 378 474 485 89 450 222 3 344 233 66 113 322 319 64 
    361 -> 93 99 164 487 325 240 440 364 92 8 333 293 284 17 88 184 482 159 383 446 29 70 418 388 346 228 313 74 307 458 258 179 496 302 370 499 110 80 136 65 425 102 460 295 137 
    362 -> 86 59 135 183 144 418 93 295 221 494 335 430 132 53 4 495 27 403 351 286 425 319 2 239 358 360 370 109 445 117 198 385 435 201 424 341 334 465 112 202 104 107 305 437 404 
    363 -> 346 455 424 211 417 232 457 421 470 451 431 442 207 160 85 498 250 225 420 247 131 465 406 6 394 29 473 312 300 180 157 403 144 288 130 345 404 137 268 58 294 257 481 42 298 185 440 229 299 62 408 
    364 -> 232 366 164 11 92 297 194 68 142 212 372 471 98 288 88 265 410 206 253 333 423 402 415 480 122 342 490 126 179 462 133 300 5 221 42 243 
    365 -> 497 498 394 74 213 180 263 24 353 458 432 56 105 273 38 406 492 232 131 362 189 358 361 176 374 473 2 401 144 482 301 314 422 73 419 187 479 5 141 111 20 460 210 233 
    366 -> 217 192 116 27 299 313 96 252 219 359 136 423 187 438 191 289 300 109 498 222 370 494 381 273 249 302 304 448 233 84 63 424 91 142 200 454 418 467 459 125 328 250 414 392 382 118 20 
    367 -> 359 479 203 330 106 234 380 140 334 353 265 85 348 238 50 70 287 494 185 425 373 114 94 134 143 432 79 454 304 241 11 434 270 488 361 310 307 144 303 337 433 495 111 174 102 225 417 108 194 
    368 -> 56 350 109 261 440 119 427 399 209 251 497 298 278 32 98 465 197 320 224 311 107 110 8 114 93 358 12 133 9 62 184 476 249 382 437 450 356 236 116 280 72 289 97 449 102 
    369 -> 328 102 497 82 214 227 265 107 239 424 68 491 213 289 400 91 266 170 383 285 113 90 389 105 442 83 3 172 324 142 19 450 137 407 104 53 
    370 -> 285 104 209 289 329 19 305 290 212 96 425 270 10 116 89 172 437 462 320 352 454 330 396 395 111 449 318 75 407 493 176 12 303 28 121 362 145 149 298 443 161 406 85 415 210 200 179 258 86 189 219 105 
    371 -> 73 317 50 450 348 364 305 251 425 454 142 42 311 106 334 355 474 146 427 280 472 90 55 247 231 105 133 283 458 441 362 2 160 78 86 232 184 346 126 339 246 487 329 
    372 -> 449 112 232 470 84 53 187 274 297 410 144 339 223 286 224 194 301 242 488 215 350 199 333 489 238 474 246 343 68 181 347 102 185 361 151 163 408 385 459 250 78 206 375 32 107 169 268 24 228 426 
    373 -> 209 92 64 430 427 304 107 146 106 69 25 358 224 105 149 279 3 89 389 409 269 52 271 323 415 328 190 65 219 26 49 33 184 445 315 299 11 206 393 
    374 -> 298 273 9 470 418 365 343 178 139 193 482 275 198 292 100 64 32 131 463 375 430 130 66 147 79 90 212 169 267 74 404 258 408 318 77 16 
    375 -> 160 81 172 335 18 311 298 370 83 109 348 495 422 266 259 285 421 487 436 231 461 169 378 446 367 44 49 221 91 426 201 471 415 499 144 96 8 74 283 345 389 465 9 205 429 117 454 36 371 232 25 176 288 305 435 398 
    376 -> 250 90 212 180 64 25 416 357 300 197 422 365 476 48 370 268 218 441 248 413 328 112 249 130 488 261 165 315 32 391 235 233 1 85 447 352 162 
    377 -> 387 370 494 358 345 409 73 255 448 40 213 468 294 56 410 483 216 327 412 6 29 148 278 17 301 385 118 396 197 109 232 480 321 418 48 353 498 406 214 35 
    378 -> 169 14 234 17 218 483 39 400 124 23 238 432 300 442 361 410 255 455 68 222 31 48 117 1 387 197 20 291 57 325 147 445 246 372 270 98 65 343 286 
    379 -> 159 257 294 259 230 363 349 409 42 238 112 335 358 427 248 304 478 339 361 132 469 264 133 111 315 292 298 394 326 58 251 127 312 319 318 102 237 172 276 149 485 459 262 419 83 208 309 433 56 305 
    380 -> 406 100 112 220 199 215 53 420 468 252 26 154 378 186 25 320 265 22 20 280 367 407 455 391 443 359 46 477 394 463 171 422 206 28 191 270 36 450 295 322 379 133 431 421 441 23 
    381 -> 310 440 476 140 447 52 291 132 469 358 34 383 368 444 441 429 138 376 230 495 192 331 151 156 384 292 402 28 153 157 445 379 453 148 303 340 83 168 41 409 287 319 
    382 -> 106 481 62 138 105 359 496 210 325 366 298 364 293 58 338 266 220 99 435 381 284 120 122 369 375 36 270 278 5 459 38 467 455 289 177 373 353 214 55 453 
    383 -> 130 451 323 175 49 440 76 242 474 334 471 461 66 419 109 318 278 260 452 408 495 336 373 311 305 231 154 60 227 313 312 475 371 178 490 446 6 320 492 
    384 -> 159 434 327 281 457 288 54 243 277 77 459 447 325 285 353 184 79 421 145 491 286 50 309 108 204 269 381 371 256 85 369 169 333 453 423 477 456 365 305 207 260 400 104 69 259 221 321 43 130 
    385 -> 327 84 489 232 380 424 102 400 363 254 145 87 215 465 346 163 98 248 262 7 244 236 426 274 494 298 410 286 428 249 219 94 393 326 111 81 175 451 38 387 115 231 60 156 278 276 352 323 42 
    386 -> 242 454 24 211 147 84 493 12 115 316 269 3 299 146 21 117 314 469 120 129 15 482 234 75 375 91 318 484 429 61 424 317 360 496 54 478 352 438 441 136 418 344 252 246 105 262 440 
    387 -> 153 239 158 53 105 342 415 316 349 219 46 115 118 303 102 148 273 194 43 468 14 355 304 481 124 83 52 76 428 89 262 183 159 37 41 434 354 416 264 88 40 286 222 231 162 139 477 293 307 54 
    388 -> 294 260 398 263 457 498 101 240 286 219 391 448 275 483 372 387 19 157 261 64 412 397 494 99 311 443 155 308 246 118 430 413 290 477 57 489 178 108 325 373 198 445 222 396 227 97 314 425 423 39 465 482 164 47 296 470 
    389 -> 496 404 167 493 462 488 262 86 55 229 294 129 106 296 29 415 14 233 283 238 91 107 377 28 96 243 310 381 323 215 82 52 70 177 337 253 284 214 424 73 492 53 198 103 77 31 95 331 359 
    390 -> 135 8 225 376 46 206 339 408 377 364 401 63 13 351 104 101 167 248 472 68 162 92 215 326 325 402 362 403 414 231 161 15 168 301 93 246 223 41 411 56 442 138 349 115 479 98 475 
    391 -> 474 253 141 299 234 386 28 286 8 281 225 255 441 92 146 20 327 361 148 214 23 291 290 469 51 151 278 52 40 48 381 203 81 136 454 390 476 103 11 39 216 487 
    392 -> 349 281 401 186 487 304 454 182 294 144 299 423 433 463 162 199 146 442 104 2 174 180 308 293 469 46 302 33 389 383 400 322 465 205 467 184 73 86 373 233 471 
    393 -> 36 439 261 287 318 184 499 40 149 320 464 468 387 317 378 11 415 146 97 19 111 375 123 188 438 193 136 35 18 73 354 333 469 458 241 53 142 206 489 127 
    394 -> 415 366 420 486 121 41 377 285 85 158 188 50 124 130 100 256 378 193 416 149 112 451 162 215 23 286 157 144 270 419 288 290 207 384 74 81 465 322 29 343 281 347 262 66 299 39 410 482 349 365 
    395 -> 449 290 492 281 88 84 2 257 141 499 460 69 256 149 304 82 374 481 114 272 313 132 387 18 338 151 273 61 144 232 250 40 178 
    396 -> 323 420 414 220 183 148 421 265 439 407 118 280 298 120 377 359 216 67 141 348 222 289 467 251 411 320 25 3 136 457 245 424 133 89 316 
    397 -> 191 369 405 182 356 166 11 494 215 84 254 308 375 8 311 366 162 233 399 4 299 45 229 231 446 450 354 396 58 485 269 331 259 118 407 237 69 497 89 
    398 -> 466 131 380 299 325 269 315 423 322 431 41 454 64 155 233 389 187 156 435 72 413 141 8 114 471 184 463 59 105 376 440 439 106 115 44 290 54 221 228 212 63 486 58 
    399 -> 140 426 435 443 53 414 352 281 297 9 187 200 19 491 383 421 39 424 51 256 247 11 446 173 410 139 14 188 428 499 298 70 469 167 184 376 61 6 322 26 401 197 41 
    400 -> 482 217 58 357 394 107 362 449 377 399 441 436 398 228 442 140 363 429 78 70 132 202 87 318 366 254 105 437 47 332 496 64 483 346 296 465 417 181 250 413 342 
    401 -> 144 24 160 340 202 248 458 194 164 173 95 243 30 370 342 94 55 295 33 488 61 493 64 116 0 343 271 353 104 354 191 446 413 432 242 479 141 213 
    402 -> 450 317 476 349 109 404 139 70 283 286 95 229 74 15 281 485 147 467 51 347 132 295 115 233 173 112 177 452 396 197 334 253 387 282 96 77 206 403 297 496 464 416 200 368 154 245 134 111 208 294 
    403 -> 296 160 203 290 481 260 82 219 488 225 351 212 108 218 320 397 72 493 113 185 387 42 359 453 199 3 40 477 125 35 261 335 48 2 13 239 198 41 129 116 69 318 81 445 255 
    404 -> 413 401 129 451 225 400 328 227 198 365 105 419 15 55 347 11 431 274 420 270 117 238 196 89 458 255 178 133 61 285 336 490 111 422 49 489 381 327 252 214 370 85 295 44 190 125 340 121 112 289 306 
    405 -> 40 145 193 215 280 73 437 469 189 283 115 293 441 250 146 321 355 329 47 352 236 486 166 310 21 381 333 66 322 147 300 379 136 359 172 37 137 18 476 99 354 218 223 109 279 362 152 
    406 -> 237 428 410 88 282 168 33 40 352 493 273 21 464 466 358 394 331 112 231 342 382 446 386 289 139 6 100 372 349 120 190 415 377 276 422 498 371 480 86 348 257 
    407 -> 472 275 114 12 350 163 311 444 168 282 265 128 62 292 79 91 146 462 57 432 252 150 496 179 44 196 202 372 1 248 362 105 73 366 
    408 -> 47 320 356 89 337 476 25 243 410 137 385 40 490 314 432 175 460 280 467 117 87 185 459 325 342 139 61 328 477 122 402 376 418 107 98 364 11 211 236 141 177 
    409 -> 78 396 249 352 338 143 265 370 203 394 136 253 59 288 30 47 312 368 330 149 429 89 173 481 342 399 327 304 473 412 499 145 246 475 490 194 113 116 160 427 404 
    410 -> 219 331 124 321 14 430 75 494 121 233 324 142 401 172 305 247 5 339 275 489 282 57 243 237 376 301 295 405 111 225 254 287 380 392 240 475 190 350 314 241 357 213 114 
    411 -> 301 76 233 159 140 43 425 79 228 156 446 323 182 494 68 381 430 168 155 133 353 468 370 82 308 369 106 492 252 283 319 346 271 290 295 9 460 146 361 163 34 3 172 261 234 6 251 275 
    412 -> 86 66 371 382 165 459 381 368 100 204 237 137 14 23 495 438 12 483 266 82 31 173 448 122 336 67 256 0 205 102 145 208 88 70 
    413 -> 213 17 187 345 478 436 180 185 22 2 486 482 360 163 240 386 267 288 28 87 102 249 200 333 196 315 449 393 466 63 406 167 433 20 269 33 233 250 474 492 208 481 14 210 
    414 -> 131 247 120 320 110 95 484 468 339 312 384 371 361 328 222 88 233 108 250 70 349 427 422 325 433 306 372 223 338 2 291 217 114 341 63 23 79 77 76 316 388 442 
    415 -> 6 336 267 477 403 382 52 125 193 135 210 453 199 156 470 110 384 80 433 445 172 296 260 342 161 383 197 427 49 24 202 359 82 205 247 334 323 485 120 294 367 463 148 152 456 401 388 275 483 325 47 265 
    416 -> 65 228 200 95 424 353 458 439 72 78 428 409 73 66 450 81 254 18 417 172 348 159 74 351 449 183 267 355 116 413 273 42 222 166 69 482 335 62 342 33 401 332 297 298 11 31 326 
    417 -> 420 499 150 114 373 109 37 204 277 137 39 369 97 313 80 306 218 272 107 11 325 146 84 370 256 64 451 394 239 131 396 267 28 476 197 368 91 116 346 334 85 251 
    418 -> 495 398 307 98 464 117 277 67 318 62 413 110 478 297 459 349 131 159 111 166 323 429 255 224 8 320 181 303 199 345 14 322 446 108 263 295 486 139 332 213 468 152 421 250 414 258 40 259 274 
    419 -> 479 13 415 401 431 326 283 110 338 56 174 217 128 232 9 90 362 392 84 263 205 286 26 100 395 445 208 378 435 132 389 302 323 262 104 34 413 298 482 207 144 259 418 382 285 
    420 -> 301 417 458 168 216 61 15 145 157 214 322 208 136 138 317 122 44 365 206 144 400 261 431 449 73 435 362 1 212 311 378 57 305 62 415 166 284 306 38 271 315 352 329 185 187 
    421 -> 271 413 467 426 181 281 40 48 133 403 390 268 197 93 61 123 259 166 54 134 298 104 218 436 384 330 260 291 382 36 188 145 
    422 -> 43 343 330 365 292 237 381 379 75 8 129 240 487 173 354 126 178 74 12 103 281 116 174 209 206 418 66 399 224 81 428 3 32 375 496 385 335 68 414 499 61 235 5 398 42 113 351 216 117 332 155 
    423 -> 168 465 18 139 197 433 194 431 203 218 14 399 312 182 346 2 279 110 414 447 396 441 375 129 58 401 336 98 212 483 127 169 235 5 462 111 128 181 400 295 314 164 
    424 -> 428 366 427 25 117 57 325 251 274 26 399 349 114 462 27 458 246 242 159 52 452 476 9 35 326 305 206 429 444 65 390 46 347 8 15 333 229 309 283 39 339 335 385 223 269 316 445 
    425 -> 67 279 167 16 375 235 278 175 277 239 477 482 164 202 6 388 429 281 374 27 80 214 209 137 475 105 168 87 463 204 321 344 339 198 142 356 383 418 439 180 
    426 -> 189 273 64 457 302 225 369 214 418 231 103 17 340 34 496 352 193 27 68 234 390 57 292 4 300 254 120 212 420 124 406 206 11 440 313 228 205 194 160 35 117 76 451 93 473 395 73 
    427 -> 127 78 82 211 86 475 314 271 440 324 138 87 181 117 178 122 354 423 489 344 305 361 286 348 202 334 7 99 54 337 458 419 71 448 120 12 32 136 100 349 126 240 235 418 139 385 95 346 
    428 -> 442 252 125 471 370 215 121 317 142 439 15 41 71 50 479 431 88 466 203 329 25 454 281 21 176 361 231 499 189 342 164 235 58 248 253 277 227 44 149 222 446 402 38 441 346 482 394 122 
    429 -> 12 97 79 231 10 394 319 444 380 452 155 254 288 441 130 212 147 300 24 152 479 298 185 385 384 278 241 368 267 484 379 428 218 
    430 -> 182 218 449 284 188 37 135 222 194 425 431 354 49 407 270 83 68 21 322 0 185 9 439 279 184 424 122 351 228 292 400 461 447 310 59 246 161 70 209 
    431 -> 39 147 192 319 450 394 327 66 271 387 148 21 492 328 58 130 325 496 82 270 330 474 272 217 155 158 113 415 477 320 76 317 470 357 
    432 -> 1 465 417 193 448 394 334 336 489 308 247 461 296 14 235 284 127 424 400 257 35 80 181 275 104 368 253 285 269 224 173 409 458 245 242 254 447 23 468 345 111 204 39 28 136 262 184 
    433 -> 153 293 307 126 280 402 207 316 319 253 284 260 418 88 201 18 196 238 378 235 330 109 327 221 496 179 308 483 41 285 128 146 10 152 
    434 -> 152 372 16 361 178 410 150 271 348 305 15 490 100 244 254 45 60 242 86 212 430 42 87 497 489 279 223 432 10 246 414 28 96 301 202 34 362 
    435 -> 306 381 308 177 373 208 240 495 419 52 138 278 49 444 84 245 67 354 415 350 453 482 46 225 476 263 162 392 63 62 298 341 105 323 325 221 304 337 302 338 336 416 355 286 
    436 -> 43 18 154 118 305 466 146 405 184 181 241 73 403 462 152 420 414 422 311 232 62 165 307 96 149 350 182 359 81 349 274 98 489 27 140 10 34 162 153 476 129 213 131 28 39 46 464 461 171 222 
    437 -> 123 226 392 225 402 178 391 73 366 382 188 192 127 304 283 9 322 377 102 227 20 231 222 215 429 337 424 148 200 257 1 472 197 277 309 82 224 374 401 295 
    438 -> 93 63 244 117 81 293 280 456 222 454 109 356 120 331 78 316 381 7 462 148 75 413 188 321 406 481 160 398 40 52 457 55 287 269 189 412 18 304 214 408 
    439 -> 139 70 190 176 407 476 200 428 357 291 79 80 410 251 332 353 217 412 63 371 167 108 245 367 247 119 361 480 437 205 157 432 72 53 270 484 30 35 50 203 135 359 401 339 317 496 482 240 128 210 59 
    440 -> 487 97 42 188 435 80 81 216 348 340 190 85 292 58 134 380 425 87 29 432 369 246 205 344 454 116 199 253 302 339 389 456 312 160 466 110 169 373 3 155 105 335 434 357 
    441 -> 309 110 341 456 49 250 412 171 194 60 142 317 374 304 170 162 254 465 372 346 234 356 224 206 139 56 98 404 59 230 57 460 
    442 -> 41 231 221 462 344 162 349 210 424 85 301 208 272 123 390 103 98 433 403 198 28 137 401 384 91 25 118 402 109 61 186 420 382 409 119 284 22 459 
    443 -> 280 394 361 493 496 476 343 43 159 247 104 127 140 463 462 85 419 215 300 105 416 310 72 95 442 36 112 217 132 288 401 227 390 78 423 198 158 491 482 374 
    444 -> 87 263 168 370 441 96 264 74 40 333 194 361 253 259 24 454 77 457 339 284 320 456 163 319 146 166 19 303 211 216 465 177 149 493 12 280 52 469 135 219 234 28 111 313 176 51 
    445 -> 125 498 446 346 39 422 499 460 353 493 268 371 334 488 99 114 70 21 472 315 425 81 321 222 59 267 131 482 154 71 459 92 69 224 243 212 37 279 484 116 332 113 164 
    446 -> 282 11 384 21 486 243 305 180 403 439 178 101 17 207 328 304 39 58 483 372 34 271 462 88 474 55 148 73 432 51 407 247 120 100 147 186 294 198 422 140 376 311 
    447 -> 251 491 12 144 23 427 295 69 351 134 43 310 83 98 184 363 130 391 349 404 378 172 212 5 325 240 459 455 304 348 100 286 361 423 444 118 356 278 335 442 174 400 123 431 14 187 463 79 
    448 -> 195 140 264 490 300 203 213 122 85 20 239 309 16 279 317 237 193 62 40 265 217 305 390 486 367 277 182 475 350 119 290 112 407 321 47 225 298 202 420 
    449 -> 283 3 190 275 19 91 248 122 10 9 349 63 219 324 28 39 13 148 386 272 384 416 47 187 279 363 492 90 77 307 103 374 428 263 278 35 471 208 398 409 160 360 186 319 
    450 -> 226 287 129 81 474 415 284 374 461 410 254 111 145 490 403 386 240 266 242 168 159 184 157 346 413 110 68 174 101 48 353 63 452 455 465 192 361 20 411 412 330 124 471 179 315 170 
    451 -> 37 36 56 371 42 57 94 277 232 358 54 469 143 113 192 285 99 309 293 322 219 441 19 201 107 313 64 472 460 261 459 235 49 376 352 249 324 464 200 256 122 91 86 
    452 -> 212 100 267 482 35 266 291 172 208 152 17 325 6 370 83 323 151 315 281 28 186 214 441 174 173 376 385 18 24 75 413 448 402 400 374 299 159 388 169 99 446 143 292 456 251 409 12 63 359 
    453 -> 65 252 326 489 249 263 52 473 394 279 289 459 475 20 442 130 240 19 443 296 371 323 151 357 218 307 16 405 116 393 229 23 256 299 67 429 215 197 333 33 8 318 423 294 
    454 -> 109 265 315 9 481 168 416 110 55 58 364 491 34 353 136 218 259 47 45 98 294 290 485 404 278 72 80 440 472 
    455 -> 100 107 290 340 108 133 434 362 70 26 307 474 86 431 266 364 213 63 127 171 214 358 319 12 234 385 149 187 252 77 202 433 180 114 173 139 403 220 50 163 6 317 
    456 -> 65 156 11 356 332 274 480 159 462 211 108 198 485 69 423 231 428 411 232 488 33 197 310 178 333 71 402 239 63 97 486 283 
    457 -> 43 445 405 104 211 8 478 70 172 158 306 489 261 397 431 52 338 7 186 143 234 370 175 4 15 207 189 245 232 179 54 258 115 476 496 461 32 407 36 291 465 30 347 292 141 193 209 249 336 126 362 436 88 185 418 68 93 367 
    458 -> 314 404 237 18 373 367 339 457 109 455 32 360 70 257 26 492 78 268 127 434 147 313 173 247 185 25 184 77 485 58 89 300 253 376 282 225 245 156 259 17 274 352 390 350 435 240 
    459 -> 211 496 271 125 97 70 36 341 350 404 400 9 14 42 469 483 353 389 300 140 171 401 99 335 0 15 487 248 219 499 265 482 233 161 426 412 331 276 290 79 298 184 313 115 231 170 431 134 424 253 488 489 
    460 -> 47 129 2 225 479 240 219 485 378 29 474 88 118 123 414 137 413 319 51 261 385 386 89 208 189 280 231 18 296 421 148 395 304 409 82 470 299 478 83 266 357 416 335 20 341 
    461 -> 378 7 455 313 229 73 478 190 381 312 90 43 272 214 167 437 230 88 344 39 152 473 145 290 151 291 89 443 497 53 403 371 21 354 396 383 323 75 185 8 400 125 356 445 148 337 207 480 216 23 
    462 -> 404 377 150 316 359 445 153 231 368 39 472 235 466 469 200 9 32 16 139 54 402 7 61 166 323 475 432 74 382 410 280 256 433 301 365 420 191 446 310 395 89 17 1 498 
    463 -> 334 475 471 185 158 402 4 161 261 469 388 226 454 93 27 25 116 341 14 457 409 333 225 466 186 96 13 137 476 331 241 472 195 113 147 253 66 119 217 32 216 486 258 242 63 273 387 419 
    464 -> 215 28 252 14 453 473 291 232 300 165 342 460 109 268 467 259 126 334 67 389 156 254 475 113 386 390 185 400 45 295 271 304 65 148 23 
    465 -> 260 373 435 115 238 236 391 28 45 406 378 205 18 61 385 289 200 163 246 154 228 40 0 332 463 106 262 342 266 319 36 134 84 430 214 192 425 87 479 472 254 144 438 75 181 171 264 375 394 295 105 243 95 
    466 -> 7 398 0 350 112 229 286 261 359 159 404 344 485 196 267 226 124 420 287 77 204 16 132 180 479 371 116 361 490 217 340 219 213 141 80 228 295 2 302 221 
    467 -> 217 420 133 29 386 11 290 45 10 262 333 252 134 39 466 125 194 113 24 368 188 150 192 139 191 426 242 92 4 277 27 364 488 338 153 164 377 43 146 430 167 441 447 
    468 -> 141 152 214 424 198 164 458 131 274 358 482 452 236 187 332 356 243 407 373 472 384 440 306 83 270 104 269 315 206 35 135 149 248 389 471 475 166 231 386 74 363 327 427 396 453 
    469 -> 491 344 430 285 24 346 183 450 96 414 227 30 95 494 357 272 400 203 53 353 363 99 283 254 489 407 476 307 129 247 482 460 134 3 27 421 438 303 362 340 63 473 90 6 379 354 82 45 253 480 
    470 -> 263 280 459 434 224 438 56 169 407 9 444 474 8 450 205 373 239 77 27 254 331 493 291 449 388 401 227 311 338 448 453 271 261 456 216 313 104 188 6 355 94 47 181 499 
    471 -> 113 121 26 50 360 86 378 338 157 267 419 375 453 441 33 217 417 406 305 261 179 496 223 249 281 236 57 457 413 285 390 154 279 476 418 166 424 187 63 85 341 473 332 
    472 -> 452 31 344 13 335 364 234 401 192 49 29 445 180 477 281 198 409 359 130 312 0 8 70 48 157 456 229 98 377 263 75 251 86 275 96 374 405 62 438 309 14 213 363 261 194 
    473 -> 302 117 218 337 360 327 235 246 159 143 242 116 137 261 444 250 480 396 318 16 498 373 236 431 167 123 67 105 404 27 224 97 40 292 256 82 414 187 348 285 127 24 311 365 332 278 163 397 32 463 226 
    474 -> 92 66 98 82 245 407 107 184 17 104 476 459 455 319 421 33 313 457 81 312 187 26 148 385 288 255 343 0 164 468 451 161 305 280 65 256 436 493 90 215 290 244 182 
    475 -> 31 498 42 243 455 87 360 407 366 193 194 145 28 208 424 347 272 204 203 373 489 106 89 278 292 164 73 170 450 306 298 234 371 30 121 90 448 470 273 282 132 
    476 -> 36 31 474 271 395 361 73 217 70 61 196 183 261 219 477 123 312 417 167 111 185 74 374 153 423 462 45 438 354 176 29 201 357 443 186 102 373 149 494 375 87 273 
    477 -> 45 341 144 11 190 93 180 61 427 222 352 460 246 452 380 130 275 97 244 266 382 177 304 131 162 441 263 125 72 19 143 233 148 423 270 187 303 218 76 173 397 256 43 82 442 472 
    478 -> 346 342 296 435 110 157 488 161 471 325 119 372 453 6 68 221 45 409 133 314 399 266 185 381 30 201 259 217 9 272 417 166 480 305 199 218 178 195 67 460 80 101 365 10 343 496 375 168 278 354 
    479 -> 62 360 259 389 141 41 274 67 30 54 94 89 304 79 411 445 401 404 468 313 451 137 131 276 82 483 303 343 129 59 38 185 164 355 122 473 332 418 258 81 
    480 -> 54 437 129 206 338 32 488 259 4 24 305 473 349 109 223 171 3 496 457 16 195 242 89 237 219 383 452 295 254 90 479 102 465 
    481 -> 82 144 255 117 92 487 157 61 449 80 465 390 44 437 343 338 145 348 266 428 54 205 133 235 119 178 215 326 96 485 90 311 71 179 188 151 99 473 143 436 41 378 
    482 -> 100 337 195 291 5 450 368 187 446 346 124 400 380 16 306 241 432 38 480 467 151 173 310 334 83 495 6 104 393 237 228 213 125 448 64 497 69 332 97 374 134 378 31 425 
    483 -> 265 134 396 126 198 161 127 370 38 165 466 300 262 332 222 325 479 365 478 495 217 432 75 290 31 84 331 358 329 226 476 336 201 
    484 -> 114 266 291 101 205 208 32 329 4 87 391 275 378 287 398 372 394 494 499 358 216 413 416 17 59 166 471 144 76 132 317 310 15 325 211 240 60 282 37 143 214 142 16 124 437 
    485 -> 404 42 330 25 140 490 199 426 37 374 253 117 291 277 153 274 150 421 76 31 26 143 290 136 248 411 317 325 189 179 21 60 498 316 
    486 -> 81 117 361 39 345 392 260 74 34 50 440 151 305 195 451 336 135 57 140 268 352 401 453 426 376 97 271 16 87 180 369 438 86 343 251 100 176 322 450 419 150 463 329 89 54 185 190 
    487 -> 315 106 385 1 170 453 431 308 494 145 278 276 304 79 426 462 219 164 352 357 412 73 13 375 370 464 84 208 161 266 
    488 -> 472 105 490 150 447 190 164 85 20 443 422 192 207 2 68 442 206 172 65 492 83 367 56 221 141 365 239 340 199 27 159 410 223 188 499 418 463 462 71 220 468 441 113 112 387 41 
    489 -> 454 362 377 28 293 118 157 437 47 358 121 343 211 499 465 267 50 24 51 397 356 240 41 349 311 291 0 142 8 466 259 428 487 480 175 132 164 398 127 222 190 46 288 423 100 146 
    490 -> 117 177 0 374 453 469 273 171 442 355 57 128 222 441 400 280 436 364 291 120 451 64 16 384 468 362 439 221 97 235 9 136 389 493 
    491 -> 61 85 344 322 76 83 354 82 287 21 264 52 220 285 224 95 116 467 15 156 430 79 327 373 330 89 49 442 278 370 229 31 128 239 242 152 
    492 -> 244 477 367 37 96 447 445 456 139 405 328 437 183 216 150 269 17 332 171 440 296 201 141 356 149 67 142 215 144 330 143 100 42 195 128 152 
    493 -> 256 75 288 74 206 385 479 229 489 3 91 323 285 383 366 63 148 179 144 465 293 10 226 455 178 390 269 231 165 171 232 16 195 196 122 314 255 82 87 94 216 212 55 
    494 -> 434 220 234 115 258 379 482 467 196 66 29 83 39 384 287 203 373 446 16 442 160 275 352 2 440 28 116 296 270 21 147 110 68 385 185 143 265 223 162 423 138 12 378 389 
    495 -> 147 386 41 329 114 239 368 282 166 489 209 418 259 469 355 229 444 109 436 111 359 473 470 218 98 17 498 400 176 161 24 471 349 255 243 306 409 46 205 56 382 244 226 2 100 246 43 393 419 272 18 
    496 -> 108 236 252 217 19 159 346 308 303 39 176 340 352 322 120 332 94 339 63 171 36 325 376 95 165 216 285 358 353 354 374 168 152 203 488 251 371 363 225 138 146 197 84 23 27 334 394 105 
    497 -> 86 169 237 405 368 327 6 365 195 338 91 162 38 476 377 240 324 278 15 40 400 457 293 47 473 17 297 480 204 11 398 422 347 207 100 229 123 303 60 451 420 397 273 140 358 305 214 401 150 314 496 
    498 -> 184 411 28 211 182 244 204 99 481 213 399 150 363 347 100 178 260 464 226 292 338 308 287 442 214 138 109 130 495 106 478 333 326 80 418 470 406 25 394 
    499 -> 376 428 392 408 321 94 201 123 442 222 425 276 173 354 418 206 235 441 327 478 452 6 130 70 387 203 453 65 429 430 63 459 355 474 397 263 242 356 311 251 357 103 284 262 465 49 331 289 146 271 386 497 485 308 
