***************   Sorted List  **********************
    43 -> 0 45 4 10 8 30 17 41 18 33 40 26 5 27 23 
    6 -> 41 26 13 29 33 21 9 14 2 30 10 25 1 17 27 11 36 
    41 -> 42 6 35 33 46 25 30 7 28 14 32 49 16 
    37 -> 23 10 16 11 5 36 47 15 34 29 33 42 44 9 49 48 31 25 30 
    30 -> 34 5 4 45 33 36 14 3 26 48 41 10 17 39 31 
    42 -> 20 13 32 34 48 21 9 43 47 2 36 37 
    5 -> 4 14 35 36 21 29 34 12 28 45 38 16 17 18 22 40 44 
    21 -> 36 37 18 34 1 28 47 27 5 32 17 4 40 12 
    36 -> 47 8 38 21 41 12 9 3 30 23 20 25 48 24 
    25 -> 10 45 34 21 4 39 2 31 14 43 38 18 49 
    29 -> 34 19 42 9 16 6 0 46 33 37 49 45 32 23 
    2 -> 30 17 14 44 32 43 34 0 33 19 40 12 37 7 
    19 -> 22 48 13 23 24 3 36 26 8 43 17 29 49 25 27 46 44 15 34 
    34 -> 38 6 17 35 49 1 14 43 30 31 15 27 42 
    31 -> 20 35 10 21 40 43 36 42 38 12 41 44 23 
    26 -> 45 38 48 47 0 12 27 2 41 15 14 19 36 44 30 28 
    9 -> 25 6 29 17 12 1 18 30 36 35 28 8 16 
    17 -> 48 41 22 11 8 25 10 20 16 35 36 
    28 -> 32 29 11 37 5 6 9 1 39 38 45 12 
    22 -> 14 41 42 35 9 47 2 43 23 29 44 39 16 7 27 13 
    23 -> 47 27 48 15 22 16 17 35 25 43 46 5 40 28 44 29 2 
    13 -> 48 28 29 16 33 41 21 42 34 9 19 15 8 0 27 4 46 45 35 
    27 -> 8 45 30 21 6 10 13 9 
    33 -> 35 47 8 17 21 12 37 43 29 0 32 48 40 23 19 
    4 -> 26 19 14 37 18 24 6 29 8 35 1 
    35 -> 14 34 42 18 29 9 30 11 5 21 1 15 20 10 0 28 
    14 -> 22 10 16 44 36 18 23 46 4 
    8 -> 12 0 30 11 6 25 32 23 1 21 13 10 42 48 36 16 17 
    16 -> 0 3 48 26 7 38 47 34 29 46 22 32 21 28 30 12 31 25 
    32 -> 21 12 22 23 13 31 30 11 36 17 46 
    18 -> 34 43 36 10 48 40 6 46 7 38 1 0 20 
    7 -> 0 3 40 19 30 1 46 39 13 12 10 15 
    40 -> 23 15 30 13 5 14 47 12 10 
    12 -> 45 28 13 48 19 29 27 47 5 14 2 25 26 21 33 23 35 39 32 
    10 -> 33 11 19 42 24 32 35 30 37 1 29 39 22 47 3 0 2 
    38 -> 39 21 31 23 26 18 1 15 8 6 
    39 -> 1 12 13 31 33 22 41 17 30 43 21 26 46 0 
    15 -> 30 36 26 47 43 42 11 49 33 34 
    11 -> 35 30 8 20 34 7 37 17 26 42 28 44 27 13 
    49 -> 37 30 35 26 23 13 29 45 31 47 25 6 3 16 5 
    47 -> 45 28 17 6 39 36 12 44 48 7 18 23 10 
    3 -> 5 41 16 28 44 0 40 27 13 43 37 48 
    48 -> 28 3 23 12 18 22 25 31 
    0 -> 37 11 27 38 36 14 31 5 13 43 34 12 25 16 29 
    1 -> 44 17 34 28 31 45 37 19 41 
    20 -> 48 4 45 11 47 24 6 21 25 39 
    45 -> 4 32 26 21 39 42 24 19 7 1 41 36 17 28 
    44 -> 18 32 0 22 43 2 23 24 17 25 11 31 3 7 6 
    24 -> 31 40 19 27 43 30 46 8 41 10 4 36 
    46 -> 26 37 1 25 30 38 41 19 2 36 
